50
1
7
1
3
1
2
3
1
8 6
13 9 6
1 4
8
9
7
10 3
4 11 5
13 13 13 5
1 13 11 11 5
9 11 15 9 12 2
2 11 15 6 4 5 6
15 12 4 6 7 14 9 2
10 6 7 7 3 7 11 13 2
8 6 4 7 7 15 8 8
2 14 5 6 4 2 5
15 12 2 13 2 11
7 11 8 13 3
10 11 5 14
5 12 5
8 3
11
5
3
10 1
1 14 13
4 7 9 11
3 11 8 5 13
6 15 12 10
9 7 6
14 5
10
5
1
9 5
11 15 7
5 8 7 10
5 11 8 6 13
11 1 12 7
5 3 13
1 12
14
9
2
12 11
3 13 11
4 2 7 3
15 3 2 7 5
7 9 12 4 6 14
4 2 5 15 4 10 15
8 8 14 1 11 9 4 15
4 14 2 2 8 8 12 10 14
1 8 7 4 11 12 3 6
14 14 5 9 8 4 1
15 9 2 10 2 12
10 13 10 3 6
2 10 2 11
9 2 3
7 6
5
4
15
10 9
13 14 2
6 10 3 12
3 4 7
12 15
8
1
1
5
6
2 11
8 5 11
1 14 3 6
4 6 12 13 14
10 4 7 7
13 9 3
7 12
9
8
3
8 3
3 2 9
12 5 8 1
15 8 14 2 14
9 14 2 7 4 11
10 11 2 14 4 12 5
8 12 15 10 5 2 5 13
2 1 2 9 1 9 2
6 10 7 15 1 8
6 4 11 7 6
4 12 2 15
1 9 4
15 10
8
9
14
5 2
14 14 3
6 7 4 12
8 2 11 15 1
8 4 11 6 1 7
2 2 13 9 10 1 9
5 8 9 10 5 2 9 10
4 14 8 14 2 15 15 12 15
8 11 10 10 1 10 1 9
4 14 3 13 14 3 9
14 11 11 10 12 4
4 8 9 11 6
11 2 13 14
8 5 2
9 6
2
1
7
1
14
2
13
11 2
15
7
7
2 7
1 5 2
4 4 2 6
10 4 8 14 3
7 3 4 1 15 12
11 6 14 1 9 3 11
3 9 14 9 10 12
10 7 13 13 10
15 11 11 10
3 9 12
1 3
7
3
3
11 3
15 9 10
9 12
13
1
5
6
4
7 8
5 13 12
3 14 3 13
10 13 7 3 1
14 13 15 7 15 10
1 14 3 11 14
14 8 1 11
10 12 2
2 1
6
6
10
11 8
7 5 12
5 15 5 11
12 4 2 3 13
2 8 7 4 7 6
11 7 8 6 3
1 14 11 6
11 5 1
11 4
13
2
8
4 11
10
2
14
11 9
3
10
1
10 8
14 7 11
13 14 8 15
6 13 2 11 9
7 3 4 10 7 10
9 10 13 4 8 3 6
1 6 10 9 7 10 7 5
5 4 3 4 11 15 1 12 10
9 3 4 12 4 11 14 13 12 11
1 5 5 6 12 2 8 5 8
2 4 12 13 14 6 8 9
5 8 13 6 2 7 10
5 11 12 3 15 15
5 7 4 10 4
8 3 11 4
11 4 7
14 8
6
7
15
6 1
8 10 14
1 9 15 12
11 3 7 10 2
11 1 13 12 4 5
15 7 8 2 2 7 7
10 4 3 1 1 11
15 11 9 15 11
8 4 6 10
10 15 3
12 7
15
6
2
11 7
8 11 8
10 2 6 11
5 9 11 12 4
11 14 4 2 9 3
5 14 4 6 5
6 3 3 13
3 5 8
9 4
3
8
13
11 13
15 7 13
11 4 8 13
2 11 14 11 5
4 1 8 1 13 6
3 15 3 5 4 2 5
8 12 12 12 14 2 12 6
14 14 9 7 11 2 9
9 12 14 4 5 13
5 2 3 7 1
12 4 5 6
15 4 9
4 15
7
10
11
12 10
9 12 8
4 14 9 5
2 7 8 13 11
4 14 14 3 7 2
13 3 7 12 6 7 15
5 14 11 8 2 13 8 6
12 4 11 5 8 12 3 7 2
14 11 7 12 13 13 5 10 15 4
13 5 10 5 2 8 7 9 10
4 8 15 1 11 2 12 3
13 15 2 6 13 12 13
1 1 10 5 2 10
8 14 6 3 10
7 2 2 7
11 12 15
2 4
10
8
1
5 8
15 6 5
12 9 2 12
9 4 8 10 13
1 15 10 3 10 9
4 11 15 7 7 6 15
11 8 10 11 12 9 2 9
13 13 2 7 1 10 10
8 11 14 8 10 8
2 4 1 13 6
8 11 13 5
2 15 12
3 2
15
6
3
8 1
7 9 7
14 10 8 6
5 6 6 7 5
14 10 13 3 8 5
13 12 1 7 11
13 9 4 12
12 13 5
12 11
5
10
9
15 2
6 11 14
11 2 3 2
4 15 4 11 11
9 14 12 15 9 1
8 4 4 11 1 15 7
11 5 8 11 11 1 1 13
14 4 7 9 5 10 15 8 12
3 1 2 6 7 10 6 7 5 9
2 12 9 1 14 5 8 9 7
1 9 4 6 4 10 14 8
11 6 1 14 8 8 15
13 7 1 3 13 12
3 14 8 3 14
6 14 14 6
5 14 7
9 4
10
5
10
3 13
15 10 3
7 9 10 4
15 10 13 12 14
7 3 6 2
1 4 15
6 9
5
4
15
5 8
10 6 9
4 3 8 13
6 14 13
7 9
13
1
13
6
6
11 3
12 12 11
15 12 1 8
8 12 15 12 11
9 2 4 4 12 11
8 9 1 5 15
1 2 7 5
10 13 7
4 9
4
6
15
7 14
14 6 10
13 9 5 13
2 8 8 13 10
15 13 10 5 12 2
13 4 6 7 8
12 3 8 7
8 7 5
6 12
10
5
2
3 11
6 5 3
14 9 4 13
7 13 2 3 14
15 13 11 13
5 15 15
12 6
15
10
11
5 14
12 12 15
15 7 5 11
2 3 4 5 8
10 10 9 13 15 15
2 11 5 7 2 11 10
7 10 12 9 7 10 13 3
1 12 1 12 14 9 15 2 14
7 12 8 7 1 14 14 2 9 3
15 2 5 2 9 15 5 9 13
6 6 7 6 9 7 2 7
1 8 1 6 6 12 5
5 4 3 3 5 4
12 12 5 1 13
13 7 2 14
4 14 11
10 4
12
2
12
10 9
5
5
14
2 13
10 6 1
12 15 13 15
11 1 5 12 5
9 10 13 14
14 11 10
8 14
6
31
16706
813 14229
12387 11426 29568
2557 14098 17003 17036
12415 7880 7290 5178 5786
16590 1990 29610 13565 11773 477
4187 4172 8043 23992 13474 29560 7117
17224 14329 16704 1161 15142 30932 13548 26567
27732 16104 7896 11966 371 20310 19845 7660 25487
25631 24250 27476 22472 5046 6480 22948 9232 10651 30991
455 24124 27782 7572 8579 9343 24275 9740 24484 22438 23287
18282 17401 6622 26177 29367 6992 13719 16443 14652 6437 9305 6133
1145 31777 11178 7624 21956 20410 18275 20178 20864 9630 15192 28435 18209
24534 19941 27948 16249 9611 18466 1762 27011 25087 27938 23609 32078 8888 7284
13961 15325 16588 20093 16469 15596 31271 24092 4784 18912 9598 24961 7007 19228 7384
2674 4668 31917 22614 32615 15397 32224 18312 17158 26467 10630 12328 17307 9939 21215 24590
23900 3771 8410 11224 20239 24005 9726 11563 28788 28637 21160 20981 2876 7619 28364 5549 12286
27513 28162 12132 10141 27618 30443 27299 21316 8304 6858 5854 18243 28072 30444 9374 31843 6085 20597
19313 30089 30323 30875 26109 26191 19267 14321 29066 26885 9916 1846 6403 4660 30008 18534 14801 24857 16209
9331 13404 24512 16188 19257 9986 11491 16932 19359 10565 23016 7188 29878 20337 4742 27984 13677 30932 14482 27997
27230 8599 5144 29075 15001 9804 26314 766 24604 18402 16974 1166 31805 8718 17353 18294 18703 28843 2457 5294 6640
25473 12481 3749 13041 17222 31732 26717 15385 13446 21945 9846 22044 27088 6153 4276 4123 32466 5041 28726 18100 22015 29891
17136 30732 14475 2661 16666 10550 5118 21959 17189 30590 1671 20937 10862 18892 19900 4810 1509 577 26754 11354 22620 21073 17506
26895 25196 17204 31936 21153 2535 21182 18276 19670 19145 32750 22331 3042 10531 27448 25001 27719 25269 26671 15887 3362 12795 3019 8171
14303 3595 2156 25656 26215 23228 10394 20341 15655 27597 19508 4040 30131 7921 22315 17032 27065 22296 6594 30107 59 1273 22339 27777 26541
16241 10896 29902 29035 13914 5304 10569 17508 7459 3457 10954 30687 13850 31295 13573 8678 18034 17612 6040 25955 7158 23071 20251 29454 29665 17589
29512 30937 7159 24520 24710 23400 2647 21843 19666 16560 27147 30235 1300 1837 923 12253 32523 14772 10779 13328 23449 28813 30939 29488 21999 5329 19790
9481 2014 16686 27070 31525 14855 1460 23276 6796 24859 25923 28638 11757 9714 23016 9223 11013 24853 10145 23266 24607 24916 1276 5166 15596 30088 3337 12315
19318 8665 32104 28799 10678 16022 23100 9434 30876 24559 32709 4903 16650 25863 772 28406 2809 23788 4860 13821 15872 15004 4318 7710 7151 5594 12876 22746 2913
16212 2292 22231 24876 1627 18261 2785 17648 8592 12218 15755 382 12158 20657 17031 5253 21429 12668 8061 12448 17527 21881 28319 32530 26199 3260 6912 31792 16135 29657
1936 32346 31948 24166 24453 807 9658 27237 18454 18249 6686 1441 18631 18844 22097 2893 24096 10757 15561 32156 23204 319 21268 18754 81 14698 22014 6992 13721 5380 3881
15657 4958 3060 7054 29410 3866 16712 23879 22320 2192 30564 23760 20822 16639 13088 23715 7966 23845 6507 7353 14280 6825 28621 266 6905 10550 22279 13897 24271 27658
17777 7159 32615 20836 14212 29257 24702 30923 20367 14253 347 18162 5244 21168 2033 18331 12114 9998 9407 18620 17351 23687 25445 13203 23952 32349 23752 13462 13477
15254 8351 31253 22412 8198 19321 3856 4686 11254 2010 25052 25506 2356 10445 30749 23524 12477 16311 2869 22475 25718 21489 7057 16636 14165 20259 7819 13745
11242 21280 27222 26496 29630 25706 16139 5059 12258 19994 9744 23511 22004 2027 16248 24359 12472 14228 15114 24948 30539 17983 14654 23488 6703 21710 7355
20867 9200 15173 1843 20442 3684 29064 14169 545 22002 30307 5604 1491 17533 15347 25002 6768 17374 8481 31126 29845 22709 13472 22024 20479 31454
3910 11198 5388 25619 18552 26254 2051 956 28096 22492 4639 24392 3892 5183 13625 1430 10786 15115 18962 26133 7348 25729 10738 15829 24087
7814 5769 4790 29837 26247 3475 978 4676 8862 26597 23227 2347 28647 24182 30442 18370 28820 22065 22261 1234 2921 23690 12020 18036
9884 5384 25383 2844 16121 8443 26930 23934 14211 31719 21002 7689 2425 21980 12364 11286 15808 2822 13632 11686 27003 11306 30055
23054 602 19547 24288 3523 10468 3539 21558 20351 8922 14172 23195 25042 22615 17356 16207 4057 16307 4440 11746 18731 26419
24109 30017 9458 26931 10880 21143 21165 22185 18429 11451 22787 5207 2970 26309 15675 6508 15098 3257 15429 29269 26451
7702 19115 11039 23908 23172 27345 28347 2149 13307 21998 26257 10555 31455 20419 21435 19830 8816 10851 5490 20266
869 10697 23235 27177 26371 29742 9506 29627 12402 6007 23310 20103 25121 1580 11242 15524 28924 6820 17672
9462 28817 11161 20017 27504 31579 8683 14565 7626 19533 20054 27891 20402 30750 18357 14810 24352 15330
24316 21211 27731 30322 11752 15065 22674 13331 26306 5430 9486 358 23101 18947 29174 1493 6195
23909 304 14877 5705 7929 1642 25759 3052 22043 23740 21408 4084 15324 3970 28399 3766
31700 25952 15517 13997 15858 28847 7534 21287 5564 7891 11619 24510 4297 13112 30705
28205 13415 12813 1142 21343 14454 26900 24394 3728 17871 13034 7812 426 17003
3442 4191 15934 29394 19707 29930 12483 15785 4696 1001 21348 12586 12619
13090 16882 25730 11026 12319 6376 23838 13460 27719 5524 7591 19344
9251 25461 32377 17062 25887 16611 20504 30077 32545 17129 17016
29706 29611 32 1633 30611 21380 14219 10461 1701 31100
3423 12726 10650 9798 3795 24109 4748 9318 31699
24092 18569 24392 23700 2862 17510 7543 23365
14818 7319 7725 31833 4256 4567 31865
5889 2409 20476 20107 12870 22176
18438 16292 2133 29088 26089
5927 20428 30837 15245
19359 22160 1045
10982 13091
3906
6
20633
27271 10540
27951 2227 9605
32207 6794 8701 5327
9202 29176 25433 22071 18583
11102 5594 20715 7421 31683 26641
27849 29751 9117 14439 19142
10161 25420 32232 14067
21142 20097 8569
31681 15279
10795
6
14717
17588 17217
20043 26790 13624
12707 16092 32206 23809
21686 20152 31229 20600 14025
26309 17582 23141 7979 3955 534
630 3418 14600 21771 23514
23168 20684 6025 1194
29200 20741 18782
13649 8016
12803
10
20722
28894 26710
11762 17811 14093
10223 5642 28117 3763
23223 18490 11742 27177 19023
12371 30595 854 1374 21340 24021
22057 27364 25214 18488 15337 11227 32136
23352 24029 26640 11305 20155 20581 23067 5197
1905 521 10839 30022 4283 1293 15743 16024 28470
1997 28395 26296 2850 29768 14867 26870 19056 9463 19315
4775 24799 30542 4143 15382 21802 30782 26686 9188
18594 16984 14385 20498 17504 25223 17751 21787
26515 725 5042 22216 2721 668 15743
5570 30435 30610 32439 16722 7304
18986 21497 32102 16759 25639
14715 5792 23652 8632
14980 9477 25616
29364 29974
10351
28
14957
32137 15564
15681 4411 5012
18402 5078 20754 23971
2745 18595 23642 19466 25898
9859 8194 25231 26617 1064 7177
32408 24715 15809 14619 1423 8656 11214
31397 19006 263 13585 18375 15827 29265 22785
20838 14898 27862 8823 6101 30606 27418 29742 17304
20547 6832 25497 13010 680 26561 20186 319 18507 3226
14938 19930 11881 26151 18558 30887 26414 32142 16493 9472 28638
6509 30309 10768 1602 6363 16868 32208 1012 13841 16743 21559 20672
9471 1800 21351 3263 21985 21669 21770 25211 3838 8931 4323 29989 27488
2441 23634 26861 18933 337 22730 25441 30645 729 27043 4239 17596 26482 5251
31436 10456 26809 19339 19926 28608 7921 23189 17824 29590 12190 10266 659 21120 14589
30647 15839 17029 21512 9931 3194 21848 32660 28634 19724 621 22908 23963 18216 16621 29213
16884 27076 23253 3454 14234 19092 11375 4654 4147 8196 16843 14413 8854 5194 29001 6733 21032
13261 28244 30962 16454 17324 30853 12320 4279 31473 2459 28241 16921 19080 24685 1036 13387 15169 4489
27620 1492 15863 32273 5639 24058 16347 20051 144 21540 16283 6876 9803 29543 2351 7996 13229 19674 6081
25548 23953 4785 28006 19425 21705 14317 11342 22740 27704 26510 27229 22555 28002 10323 22060 872 1613 5638 20922
1756 27178 4436 8631 4212 1210 10981 12208 14438 30655 18288 7217 21839 23072 2455 8495 12009 16771 19836 1980 11706
13578 29208 1493 8811 6763 23552 9682 8375 29189 30603 10130 23598 2270 18760 27810 3479 29740 7249 17917 27626 25536 25133
16696 15839 27587 25191 27847 11590 12258 29827 23295 25835 26266 24787 1877 260 15570 11558 8634 11991 9392 18763 2820 11661 4754
30629 15140 1726 5109 288 29351 30644 25420 13279 13715 20239 5701 8793 31828 17958 5851 22354 11025 32117 14373 12901 32376 29942 24459
8242 9164 1082 27004 11984 12743 31758 9844 27882 715 14953 28169 30065 12828 20820 10575 26542 8290 16275 2567 7349 1465 8417 29703 12489
7765 11307 25389 7373 8480 17079 15614 17644 18161 9849 29627 30903 8838 6702 26016 9552 21654 21416 6849 1714 9467 17423 28255 17757 930 30821
25105 2394 6470 22039 14882 14234 577 7502 21606 9057 24581 4451 26700 9973 14300 23558 8107 23137 30259 1354 32689 19145 22769 6769 20858 32235 24191
16344 17223 25120 14397 9560 27513 20866 31598 9626 2331 32175 17128 23937 8463 8940 28387 2394 18912 9918 25951 27018 287 23441 28371 207 9817 18371 6975
30674 17837 31165 14250 2292 23517 28646 11851 18261 16743 10680 27887 19073 10086 12246 10241 18548 21185 5860 20941 7328 15777 14123 1577 16063 4796 29947
16269 14612 15549 23243 12518 617 21640 26767 2908 12388 22644 14758 30648 6618 25438 25766 25690 2755 5243 3163 21303 26427 9022 9475 986 24798
23598 2562 8093 28393 32508 24361 10236 15288 14836 22753 15905 3707 16751 18812 16094 6626 802 13973 13243 26239 6971 6165 28993 12213 9327
17527 5872 18348 27002 6857 10377 17831 9419 18469 13455 9158 10062 23690 24446 24897 13675 7582 28603 30425 26393 11928 4283 27194 25900
17525 20664 102 23689 16889 12315 247 1647 18186 18594 28648 25042 28971 13710 1692 14671 27164 10850 24732 18086 2527 16860 31760
10108 12694 29416 3732 24621 930 30926 17753 18455 18821 17854 9375 2941 30168 9622 4588 15585 28215 467 7859 24417 14177
9550 6320 8572 20399 31051 26657 22925 15143 25648 264 27836 22296 3996 19689 23225 2153 4673 8911 20973 22526 18286
23914 19926 27907 28501 2742 23353 28967 10600 15002 10375 20150 21321 18947 7780 19603 12835 30705 1977 5715 30968
29813 28010 2195 16733 18466 4347 21405 27377 25320 11162 12894 16465 31087 8032 12197 1061 31384 8395 11660
13617 18770 31809 2169 4948 6821 21772 17782 4757 23748 23496 2956 20792 18737 5151 4756 4435 9497
26160 31811 2048 4554 11936 18512 2872 19967 30708 3932 18582 6335 15592 32199 25104 14632 1599
30051 21452 23370 15064 26208 14350 5792 29164 2373 24528 1546 7129 28962 11042 520 28004
13090 5073 7171 31601 7945 27137 29541 11876 12951 3107 27467 12381 28210 9331 13979
25492 30782 4581 7787 24222 18930 13578 20617 21302 5338 22162 28430 1531 435
28950 29535 13524 1254 3937 12357 9198 31074 9129 21074 11256 12235 15772
23636 7676 25102 4846 399 23116 9426 8185 14569 28355 21763 2417
16889 27100 24578 12550 28630 25012 8731 25396 5768 9985 29333
18124 19182 27638 27252 7487 6125 6718 23259 29760 14393
15592 1837 14791 5939 11263 22975 20507 6849 11969
22923 23737 6300 14732 3519 2162 6976 12249
27557 12743 22233 24121 30866 8647 18990
25349 16133 25114 32066 6623 22105
13690 22215 23942 28480 28153
2436 18686 15892 9284
30655 6046 253
4186 20778
3771
23
27753
16019 1136
7727 5484 25256
5824 14130 11478 31172
30262 3823 30469 4117 25928
11390 26331 17101 7101 21715 19536
25786 4838 28819 23672 10884 29071 27858
31661 73 1436 26645 16092 2571 1603 21575
27827 7426 2936 6536 5829 429 10358 3529 4545
3517 14918 30875 20617 22018 19822 7384 15035 24659 3435
5939 2774 32505 1028 1666 32578 2463 28310 15901 5034 29912
4707 92 4569 7642 6627 10397 8070 16984 13925 12615 20501 28842
10721 8349 18091 30542 15733 358 22433 19167 6296 25206 18903 7323 26872
18712 9785 22413 1844 14818 19557 6550 14909 24125 14191 21535 1754 22261 5751
15678 2107 26251 11752 12827 1831 29842 10601 17563 30199 265 3961 3726 25470 22864
11048 19573 8807 20833 9218 10651 2882 28774 17200 17791 20130 31391 6557 21883 20883 12307
4793 22989 5789 16544 3047 7620 13617 13647 25182 11048 13911 29143 14773 6613 19238 25821 26185
28044 13885 2634 5926 16766 31407 23126 1788 18769 21748 8345 7883 9862 20651 12675 82 26440 29218
3128 1291 10067 16775 26472 21114 30685 22846 3118 4529 9315 28938 30714 4591 10054 579 10516 26820 31986
873 28607 17986 22620 4183 25868 32481 24834 5775 32562 18505 2224 2922 19795 12290 19696 13498 635 17612 3576
3753 22141 12890 32690 20086 17480 9976 20664 27996 4027 19881 28868 32633 5098 18720 4048 30966 18432 28881 3972 18226
14617 6195 21147 1643 18485 8074 15140 19119 25685 18715 22871 15057 31605 22793 2374 16316 32768 23038 11543 4026 10150 7643
3890 15248 26362 7937 13445 12025 4049 17416 30250 18665 23610 18628 20307 9326 26701 2679 28445 19618 21393 18547 1906 20229 8571
4280 3777 8570 27317 15319 12595 4698 22961 16485 19945 16554 24421 621 28579 28470 18036 26060 14366 8878 11920 1905 18203
5852 4583 13879 25469 25975 32426 27375 13436 8228 31654 17212 16798 26202 32530 29392 30899 22723 13108 18076 6508 4761
18696 2318 462 3964 28378 14827 12841 7529 16731 31043 13380 21313 12154 6081 14520 11811 687 27955 20038 32340
12398 4067 25773 12159 691 23903 2113 13798 9210 8621 18558 27906 10938 19019 31869 6547 1078 11941 14075
17808 10215 27455 6353 22368 767 20872 1410 1453 16058 21448 1024 28455 25514 26796 7845 26204 17930
9958 7234 27140 18578 25791 22277 29515 12042 21377 3294 13119 549 17368 30926 10763 12054 4510
363 12820 25381 1772 14272 8670 23219 15295 4356 15965 9322 12201 9400 27252 22158 16633
21623 7967 9656 11131 4713 21697 32507 8006 2047 287 25374 204 11049 4659 4714
11411 17479 30094 13183 31750 5996 3633 14277 10351 19597 23598 22551 28997 18081
11940 12861 6935 19906 22516 18065 24619 11444 17803 32624 13490 18089 25229
13694 29138 29888 18407 7780 14598 15732 20962 13579 21727 24595 27855
32078 11423 18685 21860 7651 3997 1032 20512 10932 20937 10259
28996 12787 21703 14031 12643 2424 32119 5103 16117 28488
2222 1755 3500 16819 17487 24461 30398 6445 16287
25484 5754 27710 11400 27614 2592 15397 28645
23103 26328 16813 594 22555 29600 22296
3817 9474 24719 3168 14576 8068
31655 16798 9822 2386 848
27308 26847 31245 985
10365 23961 6738
5306 2592
1583
18
17988
30227 31000
11547 14272 31593
1334 11103 21120 5150
20576 13071 8317 2383 21138
7204 19180 30959 9589 20028 25499
3667 18504 26483 14032 9696 452 19337
12288 2035 27234 30275 32261 25466 9054 13764
24290 10387 24866 12642 15536 12673 25712 23853 15056
14081 31056 1467 12271 7876 21494 5001 11543 7230 31483
25574 16925 31935 12142 29212 1201 6608 26719 693 32073 3004
14457 23594 13390 6554 3467 28925 19227 29178 20009 1514 10490 18296
2980 22761 26172 24474 27761 4946 31703 26476 30519 15859 25642 9892 12303
26842 16499 6253 27534 15803 9256 9222 6629 22645 15776 10095 18801 2234 6505
6042 3747 16994 24337 6726 6986 17740 31199 1979 22685 30133 28454 20435 13224 21327
30327 25526 15400 14057 31778 10165 29860 8265 19387 3720 30909 2394 13814 16941 4627 20318
22982 8373 4544 14551 15098 11529 32290 13529 13507 22207 10893 9192 9873 24116 30518 7431 16873
13149 21488 15882 23314 18579 24146 9932 22298 22286 12325 3343 6459 16951 23661 29440 25323 28204 11222
7652 6964 10744 21180 20471 182 32073 29662 10054 23420 27412 17485 7525 7792 6204 23406 31105
24782 14784 8268 14311 4301 20592 17653 10759 4774 8545 7431 30096 3980 18652 4980 10944
29395 26159 31414 29576 25463 28307 6862 16115 22950 24346 23639 30742 30549 14276 29078
22562 29059 4578 4104 592 25169 21756 11350 29943 30301 18780 27270 1512 4664
32249 12455 1290 25640 11100 30866 18334 6639 4959 1680 29588 29304 25318
27561 27084 6826 23871 16877 3116 28448 20980 3707 20848 9967 15057
18022 7499 1068 12524 9011 5731 12004 21465 7021 4875 32565
5118 23209 6435 10076 24888 3254 6611 17438 30815 926
24263 21917 17802 27378 17596 6013 31085 5675 15979
13373 23697 23478 14440 3452 32488 20171 15455
21184 27191 20330 20980 32308 10770 27414
9615 2889 30668 16225 20326 28714
17150 11820 17862 2183 6430
2689 8195 4746 8363
24173 18118 32059
14882 32557
2742
17
19959
18197 3017
14381 5758 23996
13920 16527 18642 23534
19415 16541 6990 6973 12486
24139 18792 30347 26321 25221 267
1747 29966 8629 25920 15315 7920 8033
15104 10661 22634 2294 28857 25650 16675 1846
16877 30594 18372 2750 21360 5019 19290 28349 11991
31775 19720 30782 29353 13272 23235 29619 15019 20432 5480
8170 2979 13399 16202 18082 24059 6067 20375 20148 31716 4281
21993 15825 2107 7597 18574 23466 12615 5096 19046 24605 4102 5997
22618 687 19269 13084 30305 1519 748 3016 9688 3726 16414 25889 21807
7705 31956 9413 27852 30903 13694 17076 13959 15800 24672 32533 6497 4518 4860
25542 29122 8961 31539 18972 9647 18039 32055 7184 19557 34 10199 29244 3759 26613
22364 25565 1549 21551 2210 29400 19686 15903 13707 876 31702 5611 640 5430 10128 5499
30971 6482 14460 29741 25453 24106 15011 24739 31289 1799 24773 8720 31042 28531 2564 20638 21328
4112 9420 23537 743 29105 6671 14449 29981 5604 20059 30620 11033 30187 3351 9235 3900
17810 6208 29352 9147 21218 21322 7668 23017 13326 16387 21290 9089 18950 9159 30416
23061 18579 21184 23803 14915 27854 5483 12127 689 25542 9979 11721 22960 13329
20955 26859 31138 27162 23442 7516 15612 11995 15183 5860 25321 31569 27149
1641 17750 3540 32056 8042 22118 20471 31844 4264 15556 4559 16391
16244 30100 26369 27964 20291 6929 16150 14381 5298 10544 5054
12813 26155 17048 27996 32014 9600 26796 26394 11240 11778
29933 10527 19819 19282 30997 18895 23546 13784 23453
7168 30027 20784 768 25222 8306 7696 8604
22686 12993 19147 27739 25805 12533 12018
21032 11778 21618 15060 5403 89
26837 2568 10616 13887 21849
8844 13 12626 22628
23465 19793 19886
11480 20560
12340
11
28255
20943 9702
8479 7321 4672
1516 19853 16690 22547
31630 5539 4838 4264 5627
31674 6831 16242 12793 28680 25086
12805 8537 14945 3502 28330 2062 14981
16121 14401 1998 11608 2575 11699 20086 9895
16371 21601 29747 292 11380 28608 5830 16217 104
11456 15123 6934 27698 27915 2845 20015 7951 11382 2191
11452 6943 4252 26433 23063 18653 28430 1902 21227 7360 21988
31122 23730 10820 28100 24021 22199 23940 29850 5648 24043
8538 20770 30976 3467 15916 1053 23481 23866 12434
25671 2550 19376 29922 28982 9670 15806 24643
11572 4265 32002 791 2618 22964 11610
30717 14216 1041 21888 11298 6688
13162 19835 27457 11370 23301
10604 12422 14013 1701
24855 6915 4250
11462 4068
463
100
21131
19874 25105
32702 24138 24339
724 26755 14534 12334
24703 28749 13374 13823 7278
20061 26984 27112 14749 5585 17644
25352 18006 31656 27052 10092 5802 31302
21553 9870 31764 9916 29743 24101 9849 21112
15671 10573 15098 30204 22906 7032 26184 3511 20854
694 23571 15070 27805 5551 20654 12681 30902 5892 11568
25185 15983 17370 23718 4768 27239 22714 14683 24213 14046 24531
12556 29716 2335 27653 27151 25240 1916 20566 28750 22770 21259 19552
5071 16296 25102 25724 28976 23235 31615 7775 15652 14830 25144 6601 19597
19614 29314 1511 11058 10591 26041 23613 7538 28376 18497 1920 20847 20413 22486
16829 10414 10976 3612 15484 27271 28714 8439 23478 19180 7286 31253 2063 22115 23628
8664 8943 10474 5209 10453 21531 15800 3725 12376 23337 32100 30872 25257 20179 18516 14974
4239 28929 25949 7850 11644 20452 3795 20083 11161 22975 27368 9645 25037 16714 505 932 25656
10978 6141 3340 32508 21940 7064 12115 12508 6396 10219 4996 26574 28734 19969 30812 24895 13150 5893
3770 833 9688 23852 11993 32662 18451 21638 24930 2396 22142 25862 28051 351 32002 31390 90 21173 5686
12205 912 12081 22423 5908 5886 18388 25876 3929 10514 6257 9821 14284 7089 19508 5367 19082 19401 23818 7951
11563 26213 30092 4656 21496 30442 3889 20117 30531 25061 25802 9967 25972 5114 32389 31879 10999 18009 24987 14927 28522
31243 24748 10037 5564 11487 15404 24645 30888 6453 32595 9682 32665 29918 14337 21392 27591 18225 8741 25353 10517 1774 2552
3720 6888 2172 2831 17886 20180 27817 45 15934 26291 24792 25970 31854 3510 8605 23730 1629 15057 23556 11310 14954 20705 25646
3577 15527 11102 12317 8112 21618 14091 10663 25338 20978 12834 28168 6095 246 23216 6139 16179 16738 30930 9380 15824 1672 17985 6785
3300 273 30341 14610 15226 18277 7487 18803 1036 18589 31119 9147 7438 12441 19809 7 650 32642 28174 6745 119 18621 12883 16297 2591
11045 25677 18414 12716 10893 25198 16015 11165 22770 30624 26391 8279 5343 12425 9314 23931 10775 18460 31368 23216 5500 31375 23865 5373 26780 30609
5492 12633 10724 21788 15223 21768 14696 868 1715 25588 26065 17729 3985 16067 15585 30375 24345 20927 10031 890 12089 20805 19349 10688 11252 24848 9294
2349 30220 3306 189 2943 15938 10912 24731 31160 32679 6658 32027 1625 32246 25323 19354 3462 8621 2170 1068 197 23096 11098 1086 2416 31902 20434 13103
10386 12513 22397 12734 9965 25702 12922 12907 8871 23834 4869 7262 23744 11527 6520 25369 11004 31842 11954 14465 7695 14123 15532 7891 4450 26629 8977 6865 25762
29410 19967 3379 9155 9595 16112 19119 2528 29034 32025 11398 20099 4126 18659 11074 15652 25178 3674 26655 24252 15627 8351 31946 29749 23882 7068 1430 17742 16044 8294
10735 12686 28261 14114 21840 5087 30225 8190 7615 26490 7446 19012 13820 11571 4903 24894 27222 30080 28567 21108 21563 11426 29458 20740 8406 20571 27808 9836 5544 11083 18129
16279 23768 13621 30392 12839 18708 27848 21028 26322 21570 28474 12565 2621 7276 17467 27514 1730 14779 23313 22837 3573 1970 19527 24313 10375 7329 19352 20210 12873 30434 5571 29151
21434 19191 26774 1504 5130 21853 22532 31451 10654 18237 11248 13275 25512 28714 8020 27241 10724 31332 17310 14297 533 4068 5841 10908 11396 25192 31117 24268 22857 3919 20650 11522 23110
14655 13026 28239 3740 2789 26922 14393 21025 5401 27667 13768 1346 2919 8241 12070 1482 25550 26366 2015 29617 32206 12922 8244 24629 11270 32512 14717 15189 20393 26239 5530 2280 6496 1000
6019 9284 27921 20411 30308 553 15310 11307 1899 18228 19547 13968 19709 12328 7565 21723 9176 7002 1876 17420 31630 13146 17163 13578 28334 4787 7048 1095 7066 13543 2094 13084 22826 30015 727
20365 30567 16036 31672 32465 1495 18450 13664 21203 30778 21228 10158 7185 28229 12033 24604 27090 25178 8998 7900 20743 13785 14947 21837 20850 28490 23931 1166 18547 21177 1892 6144 18975 17927 5047 18672
19421 23496 32335 7855 21505 20795 18012 28690 16255 30045 20525 10577 22454 29523 18476 10429 10539 654 32265 31388 29143 23427 32553 14922 11835 1676 21065 30810 19602 26111 16713 6254 16838 16279 14109 5575 4305
32120 1496 20560 29396 22020 31136 19082 18774 16843 29510 29312 17496 29006 27932 13871 19665 27716 28792 31499 29392 17088 29540 16225 10430 13484 22479 27267 29763 3819 73 1299 3170 1568 21858 32566 23588 20225 18879
9593 4299 15620 6137 21795 11857 1300 2897 31521 29015 31688 30252 25638 16007 27023 9095 26436 7739 31573 20934 4733 2623 21007 6031 5792 22574 27889 5589 13393 15345 24467 22986 19644 7318 29122 8670 19175 30421 11566
17927 26667 10485 15410 19537 26491 9665 28631 20158 17403 27435 8323 22135 30057 29329 28165 3080 19135 23285 8669 32527 5862 367 22744 25505 7685 19097 1406 26859 16749 12971 12017 10648 23455 27427 30184 17177 4323 26046 4566
21725 20712 12888 11091 18000 9449 6487 21079 28583 29772 29747 28341 2865 30114 18317 28369 5030 4645 29774 31888 21394 9976 11136 32041 662 5794 29456 17838 10116 22733 22403 31840 10676 2522 10162 28675 11970 16649 16985 7784 13652
13964 3357 16516 11309 21673 12116 16338 26317 9121 15457 14942 19096 26592 14214 19757 32386 10901 4826 9733 865 27228 8805 11540 29749 18966 7446 8951 2846 24431 16734 16497 5626 20090 244 16934 8994 12359 503 2543 21479 15959 17484
7806 9782 31698 27562 9399 9830 32387 19132 10695 26846 27936 22234 23827 14133 29680 9 16979 21342 16742 707 26967 4064 951 11132 13057 13309 11634 15599 2020 27592 315 9825 4605 32012 4619 14004 9073 4237 367 19767 31083 28302 9233
22141 9666 6144 22149 26644 27485 6122 27351 21683 10185 28301 46 23242 8841 11679 6072 10860 6502 6386 20685 11106 5629 25303 25109 14702 29539 25475 1700 27853 21008 10932 17225 30674 17075 6605 24549 11791 12727 19131 705 22911 14663 750 13384
23504 12428 19456 1595 18929 25841 22279 30035 31470 14813 22375 13403 11584 15082 15102 6668 3321 26034 23893 1226 10340 30497 25775 22131 10455 12137 22835 598 26800 23585 13981 17535 3244 668 19129 22173 26509 8640 19439 25210 23452 9045 5844 2267 24126
20945 8935 27447 14210 59 28672 24550 30555 21678 13912 8242 1047 3978 8839 27846 27562 22819 12612 30806 23487 31740 20210 17227 7611 6880 9668 31063 15924 15511 561 7282 3687 9495 1960 17897 9553 30631 9678 7340 19541 23589 15581 20587 27566 24419 15664
22360 14469 28275 20397 5187 27246 7838 22413 2089 14717 32080 383 30640 14822 943 5153 18509 10438 7112 3637 19990 4975 13314 27329 24515 4134 10141 12333 31699 1791 27996 21290 16260 23502 8918 21446 17979 16755 11091 20067 31471 10402 20449 29343 25224 21392 1727
10964 31829 8839 14600 19050 13813 27913 13611 5559 32046 23751 17891 30976 25542 13118 19498 9033 3851 28415 30478 21829 12402 8800 9128 11104 19202 29576 7678 11657 18199 9405 22620 17259 18243 4451 3541 32055 32363 17151 4845 31640 8133 22735 29847 906 3084 16576 9938
6934 12223 7648 28762 24624 16447 5121 2959 2880 1929 10637 14536 20127 20041 4387 4618 5515 8837 8158 4801 8431 25308 9645 7302 672 32379 4381 1578 2694 20956 11515 9627 410 19162 5620 25033 2841 10741 27992 5720 12669 5860 20256 27 25900 24642 4644 31414 711
12801 3446 9141 5340 13090 16443 6012 12700 20823 7589 15393 9010 19103 25019 9420 5497 30638 1684 8337 8610 29675 14056 21278 2766 1543 21305 28665 26185 25948 27310 26895 5981 30755 3267 11320 11076 19709 17331 23775 7763 24919 6399 16773 11254 31417 26192 16750 29287 27875 25086
5128 24782 6373 26406 27547 7916 14942 23444 1332 8121 17985 28226 14101 15972 31492 25421 27047 18433 9983 18054 26195 2134 24452 10199 13387 23101 3622 30136 19619 31497 22453 24746 23510 28825 18383 18288 3972 556 8963 5303 8677 26948 760 22777 10151 32252 15429 4429 17916 25412 22482
11342 27545 14166 21541 8163 4498 25162 5530 24116 23890 27982 16093 14631 24038 1708 151 28010 2263 9113 544 10939 3292 1304 948 13442 787 16376 17871 18702 9019 7584 30043 3795 21749 18815 11957 26246 11209 17486 17593 2330 12699 918 16961 3969 2625 17111 31978 4887 26223 32521 15826
29515 1056 16773 10188 1842 380 28058 20543 9399 2874 17818 13193 24622 3864 25150 18100 15072 9867 2924 17402 22566 3841 1594 26534 6465 18704 25743 11352 12158 25495 27177 8904 26551 11181 19092 28392 11560 14381 16167 20958 17254 1216 1383 9108 5079 26532 27207 20151 3630 30130 4784 26195 1203
6377 19960 7667 25080 12934 19018 4469 5661 13426 13373 32211 24606 32464 27834 3398 14076 11232 24355 31330 12447 25737 7669 17526 19500 2107 4908 23130 32236 9691 16556 670 16067 3748 8337 8378 16681 27354 12846 22341 8012 26218 21783 32617 25913 16849 3246 7221 28080 27601 5782 7759 20569 13450 25284
7301 15556 30191 30430 15023 7113 14217 15693 23179 17964 24029 31556 1877 18614 11633 24217 26625 5083 13232 26474 30995 30080 29719 5447 25391 24551 11228 381 12352 24677 25664 19652 7464 23086 17313 22487 30198 31529 5411 20608 16725 29439 19395 18601 15284 31028 10049 9141 3342 23280 2846 1568 20591 32564 7015
13214 24347 18242 13594 3930 10151 6490 23581 17614 29575 8125 7332 27005 6885 12742 14844 23609 9412 1471 9441 24696 32498 19490 1068 3071 10001 3913 4638 30592 3708 11652 11037 28054 29894 24630 31983 7276 31119 22795 24889 27926 30919 32221 22162 5036 12194 4237 28644 21606 5707 5317 13533 5436 24806 14600 8506
2038 18512 13144 32629 22219 24795 10897 17505 21920 2759 16719 29195 1109 6746 21316 29034 4896 20768 18427 9931 193 22664 5807 21798 28370 11123 2562 1038 3160 17161 9543 5197 2904 22686 5058 25123 14713 15954 9859 3864 18712 26577 291 19821 554 21606 16086 5450 9605 1745 15380 9797 24408 21186 31595 20009 32308
1388 21046 2699 18549 30589 7896 21452 20506 12953 13806 2450 28906 23664 6314 14850 17473 6604 1902 18026 28209 17987 23475 5045 19731 6087 14841 11370 27272 13667 31379 26812 15055 19656 29510 835 17476 4637 22286 5214 17589 3324 7663 13727 26987 13976 28576 11691 20579 30477 29717 16019 15695 20423 21063 2658 26509 3136 14027
21013 16802 12637 15056 31856 32293 11797 32690 17000 16434 22208 22213 1254 25531 29876 14980 19749 11083 10787 31440 31662 8495 28388 14912 24190 16042 3207 26847 9783 6342 8105 30795 23143 20742 13082 22231 20266 24878 22152 4497 8543 11591 26710 9797 4353 23817 24776 24102 2131 2795 22773 1024 11289 18392 15936 2710 1665 19142 29556
11447 25483 4893 9473 15857 25634 22554 5319 13131 14664 27471 17627 23206 6293 11568 234 10646 2616 25010 1979 4747 27804 24751 5770 6324 10374 21705 9034 12038 8078 5821 23485 792 10713 189 16649 3578 22743 21967 16708 4638 16669 1567 27843 22962 13134 28077 839 15750 20318 2817 20496 15353 27567 26265 21676 5172 15202 30709 17209
23279 3762 7925 24071 14474 8114 7951 18052 30856 29917 1991 2725 13818 3557 30567 4011 16691 25875 4849 32440 13424 7665 20167 28776 2463 13663 17684 7634 28864 15624 24842 19375 19385 32767 10677 1091 8112 18627 19142 6199 15775 21132 8923 29592 24689 6721 834 8611 32596 5682 8282 13251 13346 28448 9259 15808 9342 26942 23441 5438 9797
15515 24812 29182 15513 2720 30272 23624 21346 16645 29822 4352 5008 5976 1176 29696 12696 2009 5538 12523 7691 13819 25774 21036 9498 2264 4076 18840 29205 27516 24277 6233 10262 16320 2646 25774 19039 149 16629 7616 16793 13682 11967 21801 19657 13142 18728 32353 15151 24266 12107 22841 5316 5112 11108 14814 7375 15183 885 3811 9931 25161 10044
20192 8712 12689 13198 27750 12838 29826 2597 29630 10740 14563 18662 30396 27705 4622 29980 10087 28887 9319 159 1434 14430 11266 16247 21805 26449 17131 25615 3611 9523 2890 23802 18234 15579 4231 13215 28416 1289 15811 25277 12028 30374 11171 9655 25310 15792 6867 2628 11910 16185 2786 13343 30614 14051 29590 19650 7731 13952 12497 11341 23475 15386 2375
8940 30964 6605 22155 26611 7893 5197 19120 19920 2802 30290 29575 28111 13313 3673 30738 25222 19857 755 5796 17702 14806 2617 4584 22536 16569 17080 1109 7275 32465 3483 16214 30661 10087 5600 24503 17980 10797 10854 5131 13598 8375 1937 8941 21687 5609 6910 14140 25465 7665 19936 10399 22470 22552 14982 12237 6352 32061 13345 13626 31757 16827 29840 29649
26914 2671 21384 12125 13467 32237 17255 27065 7844 19192 3237 29530 24800 10146 10902 17497 17810 30837 27895 7511 20620 10108 19748 26972 9400 324 7829 8388 17151 4900 5269 11296 7571 26652 23420 21037 26120 7906 15333 1195 27097 18569 30725 19129 28715 8858 3857 13756 6926 31751 21267 27545 9090 8246 21748 18489 8569 29577 26876 25719 1708 32144 4246 9278 26027
27665 30315 19379 2803 12879 20573 29899 31448 18529 16259 27394 27386 20115 8381 1543 19097 29647 29088 28186 5124 18067 13906 13693 14875 8014 6643 16583 7389 10889 25860 648 5785 23406 20026 8587 3517 7830 5718 2196 26359 21976 29589 20976 9323 5201 22519 28419 2080 18838 23837 7203 4136 4974 20895 19011 12987 27538 2825 20376 5658 28684 21023 11442 19322 8280 20029
22838 16109 25746 25033 9699 14953 21853 30675 24275 27053 20425 19926 29132 6494 10994 3567 10629 15967 24461 29639 28954 19230 32463 16561 24887 28379 4815 3561 14932 13094 23589 5001 29202 16566 30033 6133 31518 19117 4039 23025 13401 24463 10182 9765 30956 21175 13331 8816 4373 5023 5687 558 24253 5381 17118 16371 991 21932 19931 15922 2257 10751 20922 31459 27316 18186 4823
26066 4534 8861 16322 17935 555 26503 27699 31510 14909 8261 7557 19281 13283 13243 19839 4767 18624 4188 21138 19614 26120 8300 2768 28376 19051 23689 27066 13598 9107 31888 6895 13640 7980 23216 31574 8534 16950 26504 7275 31858 1996 14832 18371 15279 28074 5441 20045 13929 9628 8414 775 2979 16714 3542 31355 2996 27230 25652 16593 3568 24772 23488 17208 32751 13935 16013 8517
30885 9749 15791 29974 11744 30622 15576 27022 25928 21016 14299 7088 30644 22712 7862 854 6657 11403 32208 9652 5865 25092 26245 9432 17095 16964 26639 17077 30898 9884 25593 29014 19632 8616 26220 31375 6469 9027 25629 32396 30043 7159 6716 27918 29870 14577 28771 3759 25980 28211 13410 31844 20534 6886 8507 4860 23849 2378 21936 21979 12261 14761 18224 31892 23376 11675 30498 29844 20702
23358 29472 17976 30516 3419 13125 27618 17995 9127 31376 11206 4569 12017 10281 25102 18903 18788 29961 9983 21165 19129 31961 657 1121 17417 32548 24496 29091 30277 21571 17024 20867 18274 2231 18614 21692 15355 13463 6919 24482 12070 18124 29050 24087 28405 21384 10221 14424 18576 20203 2820 4936 19396 3476 6056 4044 3255 30551 366 763 19354 17390 21629 4859 19620 7475 26551 2207 20937 701
26688 239 18824 22969 24325 14460 11584 1777 28883 30160 21979 31702 2327 8606 2409 8383 12649 5663 6165 13015 6426 25518 30404 28054 30377 17255 2760 24159 19461 23697 24859 13380 23935 10914 3581 15491 25374 15164 17267 21488 12555 6477 20422 14882 15083 22830 23264 27731 28493 29428 7977 2150 22178 5612 30203 19786 22867 195 11176 9559 23891 3266 22939 15057 14179 26519 30547 6784 8914 15045 28272
21469 21521 15925 3582 3835 5986 26845 31566 1710 23504 6774 3859 12913 12386 1294 32698 2484 1488 11105 12042 25378 14370 2212 7666 28549 28730 5444 2564 4876 20488 30835 26344 9240 13991 29925 13075 19977 24001 11872 21686 14736 18645 25545 27649 31030 26838 27578 745 28325 5915 12787 20934 20284 14998 28599 16064 10960 1274 18628 15835 21761 16694 9410 31000 30685 6566 11306 17893 30566 23177 6810 12533
9054 32354 7413 7315 26423 2223 8060 21979 8137 20846 10144 28420 3075 5974 11716 14034 7247 30343 29868 29007 14268 6509 27239 12184 13074 5776 30076 10871 28953 4118 23404 5238 3703 30816 12552 30126 270 20611 19336 8406 8688 29480 4058 11763 2685 15773 25796 9932 13347 22896 6170 27614 29404 640 7030 9710 6416 4337 20580 2600 8454 11215 7837 12157 9263 20388 9514 9532 8231 28849 17938 16918 25560
21995 28680 28245 4999 21708 5408 18345 11835 11577 13190 8470 12217 20219 18179 18632 24556 5991 21231 241 17205 29067 12397 26467 16686 21910 3231 24916 17991 21168 9066 10782 10394 4977 6258 15392 26684 11665 968 5750 23242 14157 14220 2690 1608 32398 21321 26163 5620 9783 26403 22825 6081 6032 16523 22766 27941 19753 14914 13163 8152 23979 23945 18545 28955 30202 1168 22871 9099 2135 28620 32340 16292 10071 2261
17899 9701 23581 11293 15320 595 4927 5376 6675 10958 21899 29440 6131 8883 11585 19293 17035 2795 10469 2811 31750 7903 3979 21852 17001 6113 17703 16572 22404 27774 18832 7534 4706 9644 18826 20025 10238 23753 25401 16912 1942 14531 13583 8072 23413 25168 27365 7679 27962 5065 10490 26943 12967 14468 16026 29967 20580 961 13770 10216 28734 32601 17749 671 9476 3807 20695 19713 27559 13327 3856 29500 27857 17439 4804
18502 9838 32168 26180 5031 4464 3901 31974 17431 18368 15231 14629 6180 16191 28399 16395 12156 28231 1375 12826 4939 5181 753 24651 32739 14079 28507 29471 9168 13177 1506 27669 23014 905 21080 28044 5368 24981 27249 22798 10580 9712 4659 16759 25902 289 385 5290 28519 1760 18115 689 6940 18867 25340 6911 178 21078 3613 9345 1486 5118 4245 24499 6022 25324 19774 11389 17536 14255 1419 28116 23966 6077 12106 17099
6365 12491 22388 2115 14250 7735 2804 21189 26601 28143 28099 26778 16452 31711 3354 17937 4060 7598 9667 10081 154 29440 21470 17689 10926 22888 13036 2123 28964 25142 19222 2560 4864 8841 4674 19113 16575 7477 7533 10408 2851 2864 4417 19302 1806 7771 4470 5866 15368 14136 15946 15521 10808 4647 442 21733 27534 13477 23856 23729 5850 10309 26288 10713 19149 30962 29825 2956 5670 4590 13363 8521 7453 17779 27822 9258 25549
32292 15123 8149 13659 31069 23669 24466 2947 24110 13431 30481 4819 4518 21441 10668 14826 14961 21381 1206 13154 18437 4161 18823 23026 17523 27343 30478 2534 22397 6968 28082 21920 22090 3462 2810 20390 27131 27276 23337 18472 7938 21049 23290 12455 9721 1190 27280 24681 22570 28485 5066 8238 32646 23889 31264 17400 18463 28973 19933 8091 3172 15247 30010 25262 18708 52 12883 13070 27327 3451 31542 2496 24499 22063 14950 1452 23252 9461
26132 13053 5177 31198 21291 5054 22318 19786 22454 8012 15990 9618 16103 19162 24864 13344 11655 10804 13395 24537 23873 7953 27988 22646 10448 19718 11941 25397 21169 2424 2089 14533 15477 7266 12962 3999 12319 2511 23784 2004 10522 7005 11622 26624 26166 3717 7200 5052 14520 20594 29589 5625 28547 24808 28270 6226 11757 7442 31623 158 9866 943 14690 25342 8208 27651 29340 20527 30161 20355 22530 7914 27359 1383 1770 20757 5100 8969 25808
19619 29562 22628 25243 25340 14667 20745 31566 26424 28186 30420 26581 5283 31362 8502 30624 6802 3384 27195 27328 776 14781 17089 8689 9372 18472 10458 30128 23571 19426 23167 10421 16220 13027 2896 8791 27693 23640 7588 21348 19057 5239 15160 24340 3833 23661 22195 10634 27044 16622 5193 27819 31402 22281 3740 8005 7984 14197 5364 31554 855 28531 9207 17074 8789 12102 25864 3713 2973 684 25061 22029 5922 7452 13600 9754 31113 3027 20387 25388
19648 25579 20439 18281 15092 24178 26286 23075 5606 31649 21861 6460 27411 31067 23533 3431 10400 16629 7144 13372 17312 32204 2632 23233 6887 16232 219 5231 19258 20605 30619 6137 13416 18289 24417 28507 9698 17934 18813 15303 16815 7905 21763 11457 6203 12527 14888 16602 29155 22031 29973 13698 21466 32605 4163 28352 16068 4381 815 2557 24985 31433 8693 5632 16953 341 1370 26650 18275 20183 9184 2321 28087 30946 13777 1522 10705 28664 18123 7091 17926
15328 20789 6623 15164 24951 2207 31231 29331 3021 1019 21547 1685 9711 27179 18637 10051 28548 12518 28325 15962 21701 30645 11281 19879 11654 12802 30583 7549 30924 4905 25475 13483 25693 32097 28646 17875 1535 27108 14437 4555 28126 3216 6239 5068 30394 24875 15119 26173 4624 10675 9367 26325 8552 20647 13435 20205 680 11249 27753 31603 16153 20459 12318 9078 19788 8195 26952 21322 2535 8621 25877 30660 11836 32115 2960 9461 24222 18078 2865 28845 28752 12231
22401 4535 109 3067 24739 788 14315 19724 32391 30468 7414 11940 6777 27201 20134 960 15755 22668 9580 8863 20560 21415 8209 23519 30875 32430 8828 972 28507 4811 13202 18139 9346 13311 21206 1316 14098 2752 21039 13720 451 28453 25659 7227 22885 13025 8187 5871 2924 17766 14733 23483 6413 22942 14233 4519 22603 23060 5490 18341 27871 18692 3712 4448 32002 24917 5763 13331 27668 26802 27051 28119 22486 19941 2577 12602 197 10763 18473 3121 28529 437 26603
2173 23378 8068 6691 13213 31127 12181 31553 26229 30872 2496 30676 30105 27412 3671 10667 22312 30472 4949 17662 20189 24890 20238 22 25086 31001 18494 28206 26761 18931 22041 28933 9540 30108 2855 22752 28466 15035 21537 21927 13138 24032 19834 10474 18676 23504 21141 8219 21207 26089 25880 8627 18210 13349 8649 10528 11581 27142 5965 5573 13304 28005 1737 22844 25344 4592 12827 21042 19626 1595 10200 32764 25627 30033 10469 11534 20769 31609 19752 9207 24930 12863 17834 10371
26211 26482 20898 5024 20855 26863 10596 1391 22099 12333 24234 14675 16924 4292 2948 3781 5887 13147 3776 31513 10411 14245 10278 31179 13085 30029 7618 5246 10123 25451 15617 3565 19164 3746 8588 7250 30608 19184 8640 19939 31516 105 1845 15671 4397 4792 19451 10283 17938 23227 9027 28348 4703 19304 26759 17787 16564 1608 23033 26686 27058 5881 30250 13453 9626 6070 20702 7466 25253 29342 27404 24000 29446 29248 6902 1074 1271 26352 11356 19208 16810 20382 14787 21512 6917
8777 6531 23480 10384 29563 17397 4673 2675 14879 18125 12300 20948 6059 19765 13432 2632 14400 4663 32077 10879 11564 383 12149 5147 11738 31356 21957 32120 13375 10700 6268 22151 17230 29748 32535 14024 14376 4439 16698 29254 22564 28998 17433 28622 15994 30864 31253 30394 2758 30561 8504 14321 30943 20653 19468 9913 19240 8656 9264 32614 19355 15531 21997 3817 12510 21763 17840 26886 26201 1770 23371 15996 30767 8036 11849 13992 6131 10333 11617 8889 8126 20121 23209 6300 8005 9908
16212 27244 18563 25475 27090 5150 8238 16318 8966 20747 5312 26805 14864 31512 28574 5467 14740 26572 13502 26588 7796 19632 4153 19412 28520 12278 6764 18961 18577 14768 28868 2021 9244 14663 27495 3565 19812 2964 19882 28777 23711 25193 22813 5806 23936 18619 11272 5907 12422 24773 32495 20217 11637 3879 6861 7388 16156 13624 26348 1964 28392 22448 3984 4867 4342 31479 8431 24153 1674 28312 20161 25384 20736 10205 31190 11903 28823 9693 17810 8477 1698 17536 28693 13334 21414 2785 20721
4801 16409 14301 6764 12032 3980 10748 16898 8321 9458 25328 32473 11131 20871 19865 3747 8838 30069 2168 20740 26124 11860 5781 1832 13557 23316 30524 26890 11961 541 14843 16761 16949 29143 23525 28980 354 1504 13109 8674 10961 5668 8378 22091 26538 28242 25837 2607 25542 28004 23346 18897 7096 29127 20728 20652 19674 18484 14774 31635 19024 29616 15627 3204 25990 6383 32183 26343 7886 12523 2248 18846 18190 10625 8169 11959 6098 1237 14565 31639 29241 5142 17768 3568 1500 5727 24219 21174
24210 6224 20040 10465 3071 2898 13668 29060 9281 13082 22634 17166 25604 24881 3244 11025 2737 11412 22983 8834 12648 4779 7705 9120 9921 25472 12687 11420 31198 4138 32593 22640 10361 19864 336 13432 22762 14004 9723 32042 27085 32357 16439 19921 24469 19682 30945 27206 31093 21160 3271 10973 25938 10975 20092 3090 3678 11 14510 2108 4148 14334 24747 14508 1430 25082 27939 24191 6317 4894 23464 634 4482 7134 20554 28950 26816 18730 23387 25140 7121 26658 3344 291 4864 23436 3380 8542 23446
17889 10649 27593 32223 2627 9332 884 27708 4503 25074 1257 9396 15769 1890 13877 22902 22443 10058 16949 8404 677 9321 15525 27334 12664 15815 32197 3331 19194 7970 26776 4315 18618 21600 3769 21244 30932 4652 16184 2666 29725 17440 12061 12725 19329 25937 2858 9003 3226 19807 17406 3902 29127 162 31235 9022 15976 30664 12353 2402 5865 6360 6716 24483 27960 10484 12958 26123 15135 29141 28788 12091 13812 8080 24815 372 1248 27672 9374 4473 14710 26780 8375 11068 26941 6841 20090 10149 4736 32442
12550 10601 6033 19265 2315 1224 29748 15272 27346 12114 11645 23365 24204 25456 31444 16250 25828 32691 11153 2433 4396 25863 29212 12770 4162 23385 19610 24251 765 24346 23924 13314 2178 29957 32578 4492 31180 29557 19763 25758 8902 31407 16354 337 24095 15030 16586 17154 14952 27738 19586 19347 20832 16030 32116 24994 6646 18958 16476 7410 10535 7632 20723 12712 4820 20532 17203 3231 17320 4197 28988 26221 2836 12574 26557 26930 27603 10374 11315 9786 5343 30900 29133 26175 14161 28480 18400 20806 14669 2107 28215
25203 9738 16169 5146 14557 3932 22348 17788 21251 26545 14007 14703 29380 26580 8491 23541 21414 18864 2087 31200 24207 218 27564 17613 14379 23275 3244 2416 5176 5350 30631 30378 15088 14031 2756 29644 17963 25103 14663 6445 18879 28670 21148 15490 22481 29638 6262 11127 15734 8348 9558 7172 8566 4353 24784 22944 27627 28027 25359 34 608 23221 30412 15695 4484 399 12571 22446 25501 27233 28890 11612 23134 17269 27101 12847 14139 595 23973 29872 8942 762 4275 17507 5114 29058 7682 32740 24316 273 6 24923
23493 30417 7850 27976 30815 20420 17653 23547 14884 13775 2390 5250 31043 29491 18096 12413 30085 9300 9516 6258 10061 13790 23765 15174 10079 31446 15145 1626 31718 15150 26549 22443 12798 1630 17650 10844 22049 2535 1623 4164 16309 4012 9413 14583 734 27508 26996 30818 4039 3743 4308 14099 17533 28072 29272 27611 26749 11649 29237 25699 26798 23017 15373 6828 24646 254 17671 13926 2788 19293 18089 19096 23305 27502 911 24038 22241 27906 22088 26280 31648 26395 7610 16412 21698 4114 11255 15678 15762 7723 8608 9791 30739
23980 16618 22616 24234 1521 3773 27021 20813 21861 13349 11349 16594 14259 2619 6067 9396 24706 32346 8275 18332 7187 24687 7261 11300 3173 22938 27061 10895 31546 4084 8865 22757 20701 31480 14222 22221 2484 8475 10266 24344 21823 21614 8170 3313 24232 14236 12708 16169 13813 20982 1732 20999 12900 8992 32299 16072 31930 26591 26966 30707 30674 3062 20695 18607 1773 2149 8059 4256 10623 18324 28600 32445 7170 4001 2989 31401 18236 15696 14802 32048 3909 16533 20278 16809 25525 19808 112 24686 13631 27078 22624 11536 30139 10550
30142 31912 12698 5433 3399 23320 23756 31998 22996 30925 3230 25984 29558 21465 8911 11591 20744 12820 28123 8254 29628 20879 28061 29739 12796 8923 24048 2651 20459 21419 13201 17832 20562 25898 23264 23960 16450 14252 23190 6677 12408 26419 32661 9197 15116 8803 20787 3091 21622 16142 11344 18481 4252 6637 15452 17048 15559 6731 19698 3249 28149 130 21081 15942 26028 11576 7134 9709 25827 30323 16385 5467 23973 16277 14663 6320 25080 2682 9411 13933 18823 20754 32414 23074 27390 15097 7353 10181 21827 27051 13429 17208 27180 1741 381
20439 13317 7514 30147 6375 5068 13764 11841 29041 30040 26504 2592 22351 29185 12002 3516 15239 32756 3161 5544 27377 18257 12897 4789 7315 7179 18218 24522 1590 19958 24903 22029 506 32416 19407 6881 4716 402 18721 988 30442 12456 3579 20024 8872 15581 23539 24110 15568 26699 29654 10176 12187 9782 14965 19502 16960 414 11255 18549 20371 3389 7809 20877 3037 27216 27757 7752 27617 13709 8739 25290 26165 12317 12546 2268 27897 3316 26378 10696 30015 23263 20872 9433 276 3068 28934 17235 3481 7421 3015 23851 10809 10824 11959 13845
5271 6947 21596 119 20656 30334 25409 14052 9883 5186 16319 5011 8501 9928 15707 5747 422 3810 15180 697 6877 11345 17931 10357 18765 20946 1439 29574 31769 13398 10650 4271 20344 32246 4389 8231 29811 29797 22282 6925 2214 5833 11936 10715 15760 27642 16461 16182 31451 31640 16878 5559 10217 2041 15915 28981 22986 17353 25786 21986 30750 3668 26256 18326 3145 30644 26556 187 27673 16070 7112 29886 21902 19047 7832 4893 13920 24293 21074 12602 23164 5184 18160 612 7224 1306 29593 30209 18658 22610 19426 16640 26277 12913 2197 29421 10788
28752 29608 5692 12053 3951 2810 1186 22997 10641 6079 4148 2165 27152 16749 25329 32335 2140 25940 6790 3445 22764 4230 22102 12606 23655 5973 6114 3799 8169 2767 14587 4153 32374 20278 16205 3556 23087 17391 26552 960 23469 30699 3124 17852 14679 28452 17419 16818 21624 24208 20262 11619 28438 9595 24224 19324 15568 30338 23123 23736 336 4941 27888 32709 25218 11325 3496 15537 28715 30047 16496 19415 27977 19619 4498 9887 15303 21916 26704 4158 13356 14197 15776 9025 23791 7232 28348 6590 4801 18702 30326 5136 23642 25445 5076 16092 4001 8571
31628 32715 5849 15355 19361 1057 2205 23859 10943 17507 13006 4878 21664 26361 19074 4672 2617 10096 11903 30965 16686 16703 16898 14243 21838 7772 6919 26913 23863 10920 2715 22722 10866 8563 5308 30227 9619 7512 21317 20561 25019 1554 25438 13914 27915 11743 18585 30531 21838 30487 28727 5755 14421 12857 19997 3490 20628 26916 30402 11722 5067 348 1675 15932 8910 6982 13390 18528 14493 1938 6320 6743 3492 31757 20657 31406 10731 6473 29168 32569 4192 25127 5555 18612 5215 25552 22102 25842 19699 19735 4795 24765 20083 6469 7928 28992 13450 21318 14752
27942 23255 21071 1917 26746 20060 22573 25383 30790 29045 21783 30590 468 14141 3377 19080 19355 28928 8413 12428 15858 28147 17222 7854 15461 23690 15781 11685 4371 4330 26436 32312 27585 14738 1460 21562 2029 24032 14177 51 20309 3191 30640 20776 17331 1248 7087 3917 30175 15499 16344 13264 10878 797 21117 26338 24486 4130 5254 28856 8459 31689 28399 3275 13659 29859 24837 15687 21122 6245 15737 8662 9435 13609 29438 26765 14856 3756 30681 12263 19255 14256 25526 30132 15052 13875 23701 6769 18004 28955 2856 26462 27875 31254 29737 8765 28344 21805 24452 16698
28049 7420 25359 4715 21028 22028 31479 3116 25784 29391 15378 12270 10878 8135 9633 25929 22009 565 32697 7244 29519 2784 938 24626 1269 30674 622 29613 19710 25073 13542 14990 32493 6132 19704 20752 28160 18414 23867 21175 15036 6476 676 25913 14611 10308 19073 3851 10872 19001 11095 7623 21784 12032 32248 23052 9937 101 19896 29646 25174 669 11867 24898 6801 31570 12881 2192 17215 3980 23366 32250 10455 24041 25394 25065 1580 11698 28916 12451 30698 7242 20073 19713 19273 19552 9996 29209 19653 29892 26086 12058 30560 5184 4187 4592 3985 17067 6783
21199 21046 30148 20680 31501 21420 13305 23797 22999 25002 19944 2682 22931 27185 22754 9875 13689 9538 19870 10129 29190 16993 3446 8479 14785 8629 12665 19376 12613 29731 26159 1043 18009 23538 21722 16741 12190 2258 7769 2420 27259 27713 5101 17421 22129 27855 27295 3050 4624 14397 13178 1045 31389 16624 9523 13405 25252 22187 13 5097 19149 26171 6139 4389 16940 27861 21129 29129 30118 28898 31549 24609 23842 3881 9261 13202 31735 3788 16251 3590 18184 29429 4634 16804 13284 14156 30209 5767 3574 30221 10863 22723 23623 17002 27111 7794 12094 15472
4155 9443 11601 2935 1283 2674 6815 10544 15875 5782 14331 32126 9371 32514 28786 14005 16549 9301 28160 13989 15067 31734 11441 25930 21688 2295 10163 16030 10089 22256 31501 14243 31698 10333 17177 213 13006 23991 10756 28881 29772 25086 28238 6375 24831 24255 20379 8611 787 15770 22600 15853 14735 1272 9014 3654 3567 19176 19684 13655 8663 18416 27897 7593 28749 12305 7805 8986 3527 18560 5098 531 10877 567 6905 2939 24821 27283 11549 25607 10284 1380 8692 25019 2652 17705 28672 6218 4113 15587 19872 12775 1235 15000 20367 29983 27304
28171 6200 30830 13962 11298 31360 24838 11864 5496 27776 3917 10 6557 29523 10294 7936 5446 2544 10587 23151 31215 16804 27263 14034 3907 7269 15268 18906 27636 12482 13441 23038 18681 11503 4232 29978 10094 29069 9074 15590 24077 12990 15599 30633 9744 25892 5800 15190 28435 16387 5572 26882 422 66 8147 4329 7334 23414 23234 2201 3127 3907 25239 21807 15409 29470 19017 25502 25770 28090 8323 17078 8311 23922 14942 18054 17045 20742 475 12712 4360 6046 6825 4781 6111 14971 9109 13445 5616 32343 15645 8742 3481 8115 30548 18889
4816 16796 11622 30586 12117 19945 14895 20427 11098 29837 5713 28142 17810 6187 8085 22169 12233 14909 26949 18343 29879 3290 31787 2726 2864 14664 11467 6344 22778 9247 25232 27594 26042 4085 25411 5391 24029 7537 25817 2358 4605 31529 30500 22414 4948 5816 11814 17180 20725 5995 2754 17835 9284 1773 20561 12147 16436 32027 18490 6445 8505 10953 1270 1779 15037 26680 7169 6298 1449 217 8655 6053 31746 6386 28467 3925 12202 7512 21104 158 13506 23857 17992 22789 25629 5784 2167 9296 5043 20656 15741 13547 31608 17010 15325
13877 10922 22493 20174 12370 22710 28828 18422 21687 2446 14120 25611 14647 21632 13946 14804 2369 5034 27 25158 30663 5811 27324 7190 10853 15212 22930 24399 14051 7172 6956 27927 18093 29448 15332 30462 19389 11392 16115 8307 13837 30235 1149 28483 19098 15094 10518 21466 20128 10544 13855 18022 16354 8411 25211 27206 23622 15373 18837 4904 22544 25792 63 7868 22471 15394 5561 9092 26785 21675 17398 7853 19141 18547 3567 5470 872 14084 26936 20999 24628 8022 6252 8213 16432 31463 2651 7285 14067 21487 12189 3842 14510 12251
11709 4212 27644 17269 13303 21661 6175 30701 29513 25316 16479 312 30785 17350 14395 24952 5581 6254 206 11832 14467 16637 10526 17117 23922 24592 5835 3342 28433 20344 15592 7373 24555 10467 24641 5090 32127 30816 3022 28872 23363 19500 29183 21379 4081 10809 13563 9661 17063 13768 21493 31529 30404 32018 15877 21557 23842 21711 24898 19506 9286 7721 26879 1072 18188 18751 6161 17546 16798 9182 13649 7392 28681 10063 28771 32762 20872 9565 9654 5166 23332 31146 3926 20967 30396 19802 9756 21469 8744 1885 8206 18029 9606
2316 19100 27793 21067 25261 12570 5096 1674 26219 12488 30355 3513 8490 30348 24384 18054 7233 29549 8617 5611 706 29583 3238 20507 6570 24706 29250 8455 143 14510 18060 2459 842 13084 23525 26102 25653 28620 27775 19103 8339 25361 22616 16828 22940 14231 2113 30173 11012 10729 3015 11717 7544 6252 32224 14113 30957 28705 22567 31099 10447 7858 789 11288 20941 24313 4621 13826 20165 32395 160 28503 24988 22775 12563 15159 4238 14675 12563 15249 25404 15577 26965 179 21828 26420 14291 20016 22357 4090 18347 35
11947 19135 11322 120 10680 15942 13945 30844 15568 14104 26578 7787 4111 6372 22946 8348 21047 2740 23596 13682 18317 17792 13860 7376 11444 28150 27392 1032 32239 12970 1066 11418 32104 12387 11537 10015 28328 25481 8090 11127 6816 1900 18914 10926 8271 9091 19273 29317 11830 10100 10230 30146 27892 24089 4754 6567 19471 32145 7598 18941 12346 8663 30358 11681 21049 9126 21696 16608 1838 29785 27734 8654 31684 13879 19579 7187 22969 6084 3735 2031 16183 13965 32176 11306 5285 4161 17872 24755 3537 25469 10928
15882 1363 8517 27563 22411 17643 16490 6250 19480 13506 1216 28133 12422 15094 14944 19608 5295 21027 23342 7325 4441 4538 6732 15747 9823 10893 850 1809 14429 26319 12736 30311 27681 21253 25105 17324 6127 8826 23573 25606 22331 24788 20971 1984 7114 3146 21591 12408 24172 12165 19732 28612 16702 26463 11590 26524 4587 12440 28333 19016 5990 8300 16558 902 29552 8894 18225 2910 17719 9030 28516 7281 1049 16718 9265 8162 19863 30855 20569 11266 10251 7532 7109 26953 1227 18699 20708 5813 31138 16272
24828 4359 24572 8617 5260 21355 17510 23485 24265 2460 32514 20012 9741 794 3961 19005 8956 23823 17091 29524 2320 27342 4288 9428 21526 5514 28126 9465 11326 26495 25737 3386 30853 17540 12002 3345 6126 29512 26829 30390 31971 26574 17633 8943 27367 21593 27947 3554 12647 12270 310 14966 6843 4597 24394 28368 10110 19751 5064 21435 13478 30800 24820 11562 15571 4054 14906 21697 797 8966 19318 32767 2771 4183 8942 30138 25775 4120 923 5654 16389 1232 20619 23231 5828 12244 18830 15937 31995
23894 4604 12704 21925 29423 24265 4728 708 6403 26424 1504 15368 12973 1503 18139 17155 10444 15508 10162 14563 16430 15815 30952 17662 3665 21414 23489 15909 7476 6658 15135 31369 11261 27838 20525 7915 19334 25252 8623 25736 18907 10126 8336 31880 11628 26474 16266 22071 9213 26427 3866 25642 9473 2049 10535 13138 23462 1256 29046 30937 7913 11412 29537 19173 6481 17294 27087 25814 9777 2941 18782 28684 13067 27117 27795 24694 20822 11292 13997 30034 4951 17862 22907 14423 19910 674 27560 10603
1929 23837 8772 9841 2480 5540 29013 8960 22833 23331 2006 32610 26272 20787 28525 6570 15135 23551 31263 3188 2074 12491 453 7024 30352 23359 21447 17493 24032 16238 28096 25960 7307 4099 3032 9786 9638 32044 18746 32471 22607 20751 32312 16110 8769 28068 22679 23903 18850 21173 27090 20923 896 27542 27947 31247 18132 16625 15972 9396 94 11299 2587 7400 15397 5619 17186 25034 4894 3163 24736 27500 23913 24279 10841 32681 19578 751 23815 5659 21924 18136 26582 22819 12909 21760 21297
31040 5616 4500 7667 5709 15798 10254 13109 31194 15872 30294 23460 20765 688 15427 15497 24600 6938 26337 24512 26515 27088 15558 32174 16243 925 25987 6293 13833 14978 27589 12104 20593 32089 19771 26301 15118 30024 6641 13544 13127 4166 4235 1123 4853 19661 16619 29452 26598 10188 21195 20345 4507 3984 19750 20749 4908 12968 27041 18740 27945 21861 30844 15769 21181 17846 9301 3531 15101 15942 17074 28227 20107 21308 29349 24960 8200 13200 21643 2030 23387 10070 22374 27893 14053 9355
15873 18961 22322 10145 4932 17498 32005 3007 498 20418 20852 9798 23948 3184 25739 8253 31410 13078 29560 27991 5269 4991 8422 26911 7020 31808 4212 29393 26932 18265 5979 10036 4457 28300 20180 9388 13029 19416 12395 13526 7065 478 23324 31012 3662 16294 6496 2303 29371 3287 30293 1871 8278 5946 28782 15297 4985 225 11922 31916 18489 17900 9183 22945 13432 29362 32333 26460 16010 11959 7218 23074 12436 30541 21318 16097 14066 27813 18400 10669 31100 15924 12539 6609 21870
8552 21905 26854 8777 1058 26002 27265 18958 2416 17442 32389 31778 17006 26080 15019 28964 529 5324 8631 31069 26641 24728 12367 21686 10359 23035 20017 26282 2805 26625 15383 11357 15761 9469 20133 16819 2702 14629 3008 5117 32070 2628 4126 16307 28707 19144 12502 29236 24468 21133 27536 18340 13092 7134 7257 23450 30168 27273 16963 205 21129 32346 11561 4122 9046 31693 20940 11747 13553 23947 16863 12855 26574 20989 29161 22512 7364 8895 18979 31831 30027 13747 17403 10350
20880 24659 1031 18280 19164 17993 18484 7524 17570 30044 11645 26615 28968 32584 5593 9752 23762 22456 22606 17567 10676 18999 7311 18039 27893 26289 17102 25151 7267 1736 2732 28147 26394 3762 13658 12789 21754 32141 20313 6556 29416 31957 402 25615 31773 5995 2598 22766 28450 25204 7565 6357 11434 14875 24395 6558 8395 8728 31708 15662 10463 1671 11040 4089 5432 24697 16877 27185 24069 4421 972 20716 3610 1374 13562 2614 7368 16159 25379 3049 8594 175 9405
20027 15049 1031 26584 23444 9759 25523 6337 20221 27193 17376 24309 32624 9304 8418 27041 604 12838 28012 21319 16447 29385 2112 19060 3984 18270 11671 7032 26864 11845 16436 14122 26894 17467 7938 17569 27225 692 23905 14677 27885 8512 6218 27740 17815 14635 22012 18418 27472 17256 6968 11151 13872 9079 30210 17856 27348 9112 24887 21443 20957 8555 2797 15082 26021 10734 32650 20477 11425 23786 2385 6541 32297 8602 1513 17343 23236 23524 2992 17940 8011 9959
29090 21883 19037 26531 6970 13616 2875 31856 2291 23831 7642 5087 6144 894 15820 6025 21370 27244 29810 23755 1017 29338 32356 2529 13912 22824 26052 16903 7995 1295 26861 4316 23177 13129 30846 30146 26744 952 29233 29034 24782 4107 1352 30925 5000 17171 4181 26370 11647 1222 17356 12663 30559 16943 15191 11702 6998 8474 28604 14992 9768 22696 19307 176 3056 17385 30321 29800 18336 26786 26065 10350 30892 27417 8506 3123 11819 12687 29492 23465 13908
14079 3359 11699 31022 18549 23400 5251 27023 19236 20243 4022 9163 6781 4198 12219 24165 1750 9250 9733 28535 2546 20082 26658 29962 28587 29781 9013 8505 26504 32477 22413 7815 3068 1343 6068 21616 24742 11318 15870 11209 31560 19892 20372 5573 24089 32590 29737 25838 9071 6701 21605 11616 26782 15494 8810 22601 12506 17822 31105 6242 17530 20749 14056 20597 22091 20123 9445 14065 31440 25314 25273 30232 12437 12876 3036 3757 12697 4 29595 21767
6705 18431 615 718 1156 9424 23318 13662 27245 21655 19903 12006 9635 1190 32603 31726 21312 9279 13022 19983 1824 5526 17446 14261 18402 20481 18017 31098 20485 14843 20097 27189 505 20711 27906 1661 30134 18456 15322 24610 7342 2456 3847 16976 3645 3681 15933 24956 12959 28954 12170 14783 1712 29616 29043 20113 17328 14291 18442 5044 29134 5770 32232 29638 26480 27370 31298 23845 13057 13851 15686 20398 16306 19533 4605 19950 23213 20538 12137
3404 16723 24307 18186 18434 21154 14460 5778 5713 28750 24220 10757 25115 29989 10220 21985 23701 4821 20514 14777 17877 1597 30463 5506 17902 17227 10111 5084 7671 30648 17220 11074 14602 8758 29259 268 29911 10950 6045 2856 6932 30264 13612 32046 27485 23831 21262 18417 28652 9008 425 13760 10604 30887 19266 28505 15345 29376 820 23016 27255 18040 1321 9088 26797 30580 9355 23940 8761 15400 26795 15692 12895 7638 14970 7611 31468 3463
26027 27351 12470 26452 8343 23073 24570 27608 18810 7147 24215 19629 30162 18701 4900 31482 27788 31697 29293 4375 22868 5286 19774 16894 20977 32668 24531 3178 7511 23230 6641 769 17813 19110 27220 26155 9415 19022 20994 28224 26168 12440 15084 23561 31140 19984 22274 26159 18912 18799 30533 9011 24084 17538 25904 12292 17438 17666 15470 24948 8127 22110 25716 25939 8451 20168 19325 17865 6421 7550 13320 32588 19989 28404 23380 18360 15619
12885 11751 1762 31683 9515 10772 22998 27053 3907 2522 11722 21572 17991 3901 29698 7332 29616 22869 15782 17015 9425 879 23435 16975 14198 23254 4195 9833 13865 22555 25451 26750 1537 27212 25664 11051 5215 15894 5335 9121 18415 17056 30692 3637 20956 27622 10968 17804 17722 26749 2050 27146 27627 25485 11352 9057 15970 15547 18889 29835 5333 11572 23816 6869 6015 16711 17919 11230 32604 23254 20350 18250 7541 18274 21886 28497
13127 85 13532 30848 26834 15581 25225 21692 8297 3809 30748 24267 19355 16869 21333 24687 28440 12380 31555 1686 29090 16705 12915 28926 7190 497 14407 14731 18770 3525 10459 31896 3609 23990 29975 30442 6802 22431 19366 15099 26239 17345 6597 12825 1445 27929 4743 29884 7540 3529 31570 3861 20234 11716 18 27423 12212 14425 9385 30981 17949 19843 30108 21557 11064 27314 19231 17866 16977 5828 196 10447 23172 6792 23272
24617 1952 28014 21732 9491 31543 20533 13351 19008 32249 13369 13662 11692 27793 23047 9905 12973 10121 7244 1761 21185 1790 20991 6282 18766 26818 6477 29212 17222 13268 19715 9070 15219 14961 30801 24709 13735 18566 5291 32742 18046 18659 13635 29737 13683 3913 6873 26655 14034 14117 28416 2450 15906 16638 8731 1903 10688 15207 31114 27909 28474 18061 4210 10924 253 2242 2864 13987 20807 8154 13960 6084 26813 27594
3053 7727 31507 9925 1614 12772 24041 30029 15221 7178 13898 23951 9080 24585 6389 7426 19725 2094 25486 23934 13017 25738 26176 15880 6956 14214 24033 20915 20298 18077 15740 23350 25804 14478 506 27417 27249 24547 24677 9701 31724 5806 883 8036 30391 7271 15461 17347 9364 8178 8513 22380 1147 1920 5491 8102 16133 29524 29016 3662 14832 11987 27011 7867 26465 27517 2515 20945 19295 27191 30646 18250 229
31528 26285 30619 6031 8977 15197 15394 17154 23709 5006 18300 25628 10496 26401 8993 7251 22648 12654 22083 1867 6897 29949 28331 1645 32464 16507 20939 26886 14384 6420 27114 13144 32705 24964 19174 8913 7393 1799 26067 31101 6804 11598 23961 17300 5231 185 24550 27878 12838 13864 29744 19734 11045 25306 21378 10740 9045 9548 4857 23428 15968 31971 3803 15904 24166 22976 24816 31558 24775 18114 29891 31578
29712 21083 16109 2174 21267 7891 30051 1336 21754 27027 21070 30 19564 9679 10769 28608 19227 15626 19268 2426 14828 23070 18329 6225 13278 10376 5015 5284 28490 2137 4093 25433 23219 20202 27606 11717 28092 24888 13052 17077 19146 1353 17107 5942 11032 27875 1781 30258 10732 21048 32683 25559 11350 18243 31784 24627 28618 4030 29910 24339 6166 1234 17003 29384 21435 11840 8332 16758 3960 21383 1067
23105 22736 18173 29046 999 13279 30827 31256 24011 19106 31170 16801 30455 16644 15816 22313 12493 19845 19454 4064 26010 20688 21066 22625 9354 138 30956 26112 4097 19571 27178 27201 9538 12582 23479 10536 25860 21537 9023 17102 7874 7424 1135 5561 24067 16950 27873 3791 4027 14559 7854 30036 2478 28920 19893 11831 29057 18080 5174 385 4882 32351 27585 14419 12164 18295 24954 5256 7063 1208
22357 14937 8631 23491 20497 32697 7673 15601 3720 11699 30159 11573 8966 32636 7724 28858 11699 4012 14170 16872 4396 19051 16455 31981 702 28618 17507 25655 1105 24570 26863 23462 6738 2725 14184 27234 2654 21856 10066 6373 786 7457 17945 9752 7324 25669 5841 19022 29680 20010 3126 1308 6293 19580 520 6994 15429 18026 32648 16534 9827 26742 7227 16564 29467 21410 11029 32120 10498
21095 5724 11283 28551 23668 21034 3106 16568 26875 22128 13480 14116 25253 14787 20408 12064 15306 27401 27492 563 27281 11257 10390 21254 18483 26953 17952 7125 5214 17303 17622 26308 23026 28904 22090 13926 17170 25195 30493 11276 14554 11204 25391 7038 25990 13031 19101 8527 7663 13825 9090 2175 25081 19479 23429 10796 13663 8612 17920 18876 25915 2773 12415 16172 31676 1736 30097 16077
26931 27822 27352 8716 6257 19975 15754 32247 237 2086 8005 7899 15910 17094 10074 8223 3804 734 19018 17467 9345 4169 3574 2491 6941 15989 18663 5848 17724 15991 21925 11886 11044 16508 20602 17301 3714 3587 16779 3950 5672 24783 11849 21582 9109 21922 29804 12912 22655 16053 30378 31999 20221 1184 1722 27161 17172 20384 240 2127 3606 22164 14013 14650 5904 1846 31950
9617 5432 15960 13567 11103 7974 25415 32684 17082 14568 29719 29994 4454 13003 27603 3684 455 28786 5405 27615 13189 25788 27855 15316 29394 17250 29328 11275 23153 31173 10456 2 3836 26415 13568 14938 1620 6214 14854 18702 20781 11804 15927 25234 24807 10761 28917 25261 6779 1554 20108 19967 27341 15194 2514 23966 32443 31841 2472 22828 30245 12927 22829 1312 6573 3628
16250 8193 9841 31103 26894 30621 10138 10052 23086 2176 20812 19234 27437 27590 20787 14776 14789 15360 29969 17302 6557 29643 16375 9029 19702 13851 21955 9762 15163 28528 13389 31412 3952 23229 29746 30845 21081 7115 8128 11398 9291 28939 30632 3959 23761 18650 18734 5781 1241 15934 23082 7798 12808 6688 16826 32510 20539 6012 9503 2933 1771 22892 1576 5722 13352
31321 3798 1665 5667 11925 13062 14957 8096 10925 18915 31856 29575 4880 4868 30815 20813 27949 5844 853 1869 22669 594 22407 28681 10096 25339 30451 219 26914 3405 13571 25466 7202 15235 31132 19127 28296 13321 27222 6453 32235 26309 3259 4347 31176 1305 25159 26356 7149 26011 28224 29817 26604 17862 25729 3932 10432 23412 4150 4577 26816 17720 30042 1249
186 28406 20375 28482 8958 14828 2166 8424 8368 5424 12770 6775 6728 5161 363 13876 31171 28586 10925 25007 13680 3885 28938 24111 27296 319 28688 21343 18039 25961 22592 18224 21598 10198 13937 30555 25026 16102 6211 625 21525 18980 7400 28253 24140 7762 9360 22543 3579 20284 14781 17258 24169 10950 8601 18696 11268 4520 7271 29306 30480 29862 14762
19310 7291 28698 17096 32316 12032 23306 173 788 9518 7572 29040 889 15333 5632 23431 18911 25915 5443 3401 17315 16392 12001 3243 27660 16520 10513 24197 14231 7606 6190 772 14896 2120 17868 14444 14151 8405 14616 14938 17922 22187 11210 18811 4751 16841 9473 23661 9987 14916 27061 27302 31307 6293 30544 26198 22812 8288 17627 4275 15893 23816
5046 30788 25935 22913 12463 7317 31318 27078 22255 16471 16496 696 2513 21246 17536 11986 12139 27522 26901 6431 22055 25439 12724 19830 18869 2767 28117 3727 7041 11241 27542 12087 9261 20709 2231 21723 28025 780 16033 17511 17251 32528 18206 19763 21006 2973 31748 376 30495 25880 6806 19781 18551 19529 6843 4651 22296 2191 8377 29336 13432
3150 8654 22692 23858 10885 11646 19115 11664 27678 3857 28914 27438 22063 15909 15675 25035 14888 16050 22761 8000 22855 9774 26550 9616 16616 31200 31911 18806 6808 28478 32237 9957 4364 22160 1047 15248 1038 20161 26911 28715 24017 23057 23384 13311 6197 6290 5578 21084 22339 28338 29083 12426 5343 22864 22041 21958 21295 21183 7996 28102
16892 7464 5291 21255 29624 6337 3734 30661 26497 30645 26607 17745 20933 17223 31056 27129 23512 3865 15444 13083 32202 11759 25508 4777 1854 14780 26734 23149 3194 1961 18482 20085 9425 23772 8572 6280 30108 12305 4172 23836 10181 30778 8813 31113 15232 7100 25473 5976 10964 8149 19058 10397 19907 11797 15173 21760 26576 9139 12140
29769 11099 30622 17085 20523 21625 25656 26802 18965 5193 30973 10032 15373 28983 18844 13718 11446 25943 6422 17421 4138 14570 3710 14535 1708 15506 29707 23468 9313 6077 2839 6313 17176 692 23398 4930 22317 16285 31732 8513 21477 29936 18544 4082 26150 4620 17799 4828 30562 24220 22248 1932 6022 25958 16466 7729 8695 13404
31196 18008 19481 1267 24320 3888 1958 14949 8817 24274 31234 7780 18 19942 4948 18562 24023 31097 23181 9053 3156 20974 505 25404 22905 6526 18593 6602 14254 27287 20006 12682 12526 6718 13948 4078 10605 15905 19026 19421 7411 17491 27201 7428 4665 32148 25989 28687 30476 16401 4972 864 4607 5476 26267 27511 12001
12091 1345 26254 6609 21350 6167 19135 28067 20114 23212 5903 3251 9469 25323 10661 26960 19755 18088 31624 19134 11309 27542 16842 27709 32513 17705 32315 5220 11203 27058 17220 23293 28402 10706 29901 16983 16872 16267 12281 4218 6710 18183 7468 16179 10737 18128 10370 30492 3447 9225 16857 14755 3998 930 9696 3743
18634 9242 8962 29836 3531 26182 20360 31932 4119 17493 16146 20990 991 28426 25207 7701 13840 32674 23879 24577 18033 1480 22300 21480 10704 6388 3466 14701 7318 13161 18443 25951 22403 27405 23019 25933 20818 10610 25097 24936 28102 8474 13157 29093 4132 5596 4025 17971 5501 27903 9779 23534 29382 32078 12245
7317 5698 15710 22017 13015 28871 7692 6197 18505 2328 29215 11669 23145 7057 3997 15312 2390 12471 28468 31482 16602 1295 2738 1804 6796 30640 11583 30329 27253 10892 9805 1801 16589 25514 23818 29603 21616 31509 3032 7352 1068 32246 19021 24212 6534 23017 6755 8924 2719 2454 7637 19320 3749 10375
21124 10544 8246 32706 8104 2731 10829 17908 4531 27418 10653 28348 24252 32269 27088 27283 6852 28155 26761 25872 19598 526 16121 26352 9449 18839 28806 17086 5391 32554 27460 26514 10329 2937 26451 18432 5667 4511 3571 10198 31928 14223 5777 23412 13723 97 17926 20575 28251 11918 13678 15081 12444
29798 8664 21892 15869 4701 6209 21259 4486 900 15004 14814 3837 8686 477 9503 13196 4047 19700 12356 18270 25477 2999 31992 25573 20924 19798 21055 74 708 3367 12517 30505 12031 1640 13605 16731 7849 2095 21217 8748 17098 3262 12584 25783 3739 22087 6211 7785 9018 18566 26054 1726
21564 25278 27298 9719 12307 15585 9792 13014 18951 22308 10751 30981 23948 24355 14944 31796 26450 3392 7775 10779 6653 20359 3794 10391 9677 10004 18176 18694 28569 11461 20420 17364 3970 14949 27082 16277 30533 4106 29290 16716 26413 7272 14928 17592 31627 29871 16619 25308 494 24394 3318
7147 11984 7111 17537 21660 17114 2944 7585 12914 14405 28004 30277 18374 10185 24591 1882 7949 28696 31172 24664 22340 5675 6824 7164 4533 3926 23782 29840 4420 15407 390 11566 27390 7500 29102 16281 24614 32046 23866 4759 13682 19101 2268 32055 29285 26858 1169 4466 22785 32340
29129 12356 5246 3184 19519 9779 7110 10533 6850 11529 25939 7239 23094 20561 14739 19427 4073 6584 18704 27938 11342 32385 14271 13609 31672 10787 7698 72 15252 30482 32411 11613 10070 4888 14796 29588 14666 21905 7352 21516 665 523 28754 23758 21083 10724 10417 25155 17307
29120 20325 28649 28737 1827 9489 27640 12613 17187 27711 27865 14900 27353 6709 24969 32240 21504 21789 14138 10641 29140 2885 11305 29662 31638 2295 17976 9594 12711 10363 26900 9062 30687 22780 5030 32513 32269 32669 12357 16687 27611 7453 31586 22195 14161 23787 21667 2897
12807 3036 13537 9178 5920 24841 6072 4789 27135 24047 14382 7077 1641 8514 16139 32327 31293 21168 32071 30793 21069 11660 14711 15911 19112 13529 5338 505 4547 27004 3401 17353 30039 16937 26530 3190 9009 32601 7978 3376 23880 22360 10452 25520 30873 26590 25079
29397 14990 24381 27422 3290 3272 9364 19200 22384 22892 24537 22888 27438 18772 26288 12022 16042 10456 5784 19231 19464 5616 27209 22839 29495 16800 523 22247 14904 27112 14557 11532 9333 6169 6185 12622 9441 15549 31822 31824 5672 23590 21943 342 9594 15462
12363 25635 25917 18146 12098 12612 23762 6538 2683 20488 23337 3205 9966 5472 30316 24522 17003 6881 30691 23188 19502 7363 5968 18555 6418 11639 9377 28360 11980 18970 11053 24343 11836 4201 9720 23933 16812 713 30470 19494 21201 21038 22698 31166 26509
20246 22920 10744 27126 20842 1163 13859 28204 7130 32414 1853 18768 9022 30212 30748 27991 8496 22322 7058 12696 32041 30991 29507 32754 28692 16233 21186 16962 6162 19583 10702 26407 9734 21445 20764 30575 22607 1855 26010 29736 1500 27862 15736 10521
25305 13715 5743 1032 3268 12800 13727 2540 11022 10466 2525 6946 26698 23710 23907 91 10525 1840 26498 20258 23285 14493 18065 13123 16347 11306 10091 17846 6400 25826 28366 31704 6772 1340 32736 10039 14140 13694 12578 25161 24159 15103 32106
18088 6044 23244 18179 16568 25084 11908 4058 15600 26400 22122 28722 9979 659 6044 27824 7058 31869 23422 5994 5872 24761 5961 15910 6132 19654 28488 31293 11045 10822 30630 29132 16865 21106 14542 665 13421 26449 4722 29020 20081 26843
24973 30059 27501 31017 25114 1791 30117 15767 7784 3221 7760 13744 19130 13891 629 14849 12415 11673 25670 10277 8037 9767 31382 22578 10431 12034 16259 15152 8285 3571 9226 489 861 3958 31505 25974 5748 28854 8973 13531 32074
16732 27274 18435 30622 27903 516 10269 6807 26185 20545 14843 3183 19158 4653 13613 31191 20911 28764 6707 24481 5221 7195 25341 9179 5932 18546 14926 2017 27518 28457 1322 11481 22962 19756 9335 18096 20271 19603 24903 13688
7379 6977 16870 26536 11629 30483 24958 32539 26478 31664 24251 31699 6090 16823 8109 12021 2601 23034 14037 30118 18722 15358 8831 8916 2346 18165 27011 22616 4999 19145 3535 12377 26122 20405 6144 4982 18119 31101 4753
11828 29996 29003 10758 3317 13058 18866 15338 15658 9132 29374 13007 27853 11964 21837 4000 14309 7233 31011 4156 12231 17387 7691 24607 10740 28095 30750 15722 13445 29082 20474 25272 26309 16708 3262 29626 29765 22127
12195 12654 31258 8800 25661 26343 20763 14729 30342 2303 21962 28584 6459 1424 13203 14149 26031 23942 9475 24012 6895 22919 20326 27368 15422 13866 11308 18683 10723 8304 8042 22917 20958 6531 31717 13850 105
19711 28578 30447 22014 17771 26262 28472 19195 6696 9852 12457 30638 19326 3700 4764 9476 24025 32132 24897 5123 10671 10812 15845 18974 18853 5994 7163 25383 4942 21012 25488 24652 16822 23166 13897 1824
16659 9600 21018 23355 19451 706 21224 6008 4406 25987 15483 28430 25350 7612 784 3252 18423 16629 22226 4507 22622 29388 29889 27563 17632 22608 19446 1685 13005 575 3508 29664 10174 24526 20250
29625 25231 8705 2864 29636 1923 18347 25298 27273 25958 26081 30524 11612 9941 19981 16118 32562 16601 13238 27356 1464 3078 14034 3148 16082 14608 6655 12977 24781 31180 458 21637 23643 9162
24501 20510 11085 10079 13039 5589 3268 6352 3344 14879 16292 23325 30996 16086 7157 11465 10673 8620 14542 24706 11767 30624 6545 18421 10832 31326 16833 11290 20194 7707 20451 11926 28216
31535 22004 8487 4355 25271 14838 7699 7381 31129 31023 5608 14446 5411 17073 25119 14030 31614 17056 25796 29469 23601 11448 7533 22158 28280 18822 9583 3218 6504 21509 31434 5271
10744 7152 9625 3247 21989 17323 10627 20349 15577 16235 2027 20987 539 27145 2248 32152 11432 28043 28853 2264 6723 3617 24421 2234 22438 1236 5452 28941 22744 4117 1443
719 11268 11068 3965 488 28390 14592 20836 11199 30826 22862 32185 31364 17238 1665 30747 28670 29707 26831 30933 3661 30447 22586 5895 20116 23821 11346 16289 13796 15462
17731 14514 26729 28798 18479 27216 24420 302 15283 2850 31127 5377 2266 29722 22614 3930 27700 18515 869 21763 16680 4529 19441 6497 10423 6789 30317 21768 23077
11344 4461 8039 25857 31189 4069 11567 25636 28488 11868 8151 31337 10226 13527 834 7179 3372 4764 2111 21887 5632 23873 5798 10160 10545 12294 20583 17333
9842 9582 7641 21185 14043 15680 14273 12463 19748 25840 5331 15467 4939 13481 14035 15165 27007 14868 22343 30378 19631 24453 19496 25262 15557 25293 2654
26102 4818 23236 10666 14659 49 18307 3075 14091 1218 17348 26554 20965 10419 31884 3663 15357 12596 17697 30521 6834 32564 20096 4443 19427 11780
23939 11920 27337 16463 14573 20670 21281 5040 31335 3171 5089 16873 6246 19179 18090 23593 12964 6286 1243 12079 9948 16599 24674 27644 14352
31507 27440 1679 3182 14098 13458 27120 26017 8026 10814 7822 28695 32094 12861 27262 2497 17949 11366 8742 4360 29456 32334 17323 2973
808 29402 12921 17406 21307 7796 31757 20046 2467 667 23227 16564 14125 17578 9813 22150 28391 17634 18077 27717 30494 12570 30213
15675 23935 6186 20034 20622 5751 4588 23595 6558 1221 3747 23963 22528 11542 22952 9805 14009 23618 263 30572 4974 17840
7616 27124 13462 25249 12432 8410 22975 25001 5854 5881 16167 12039 25914 4021 17789 30501 27615 24346 31722 31361 15541
21481 10134 5724 31285 24142 29341 31547 21946 1547 16618 29561 28670 30079 22042 8333 5721 12248 565 11574 18128
16731 23613 11273 20751 8633 9005 15597 211 7958 14189 15751 29438 24323 21474 27954 15696 18046 26732 4873
19592 10581 1666 15493 7892 23707 23825 13612 3186 24389 25185 21313 8352 16029 32585 29102 24662 8821
11931 24872 16779 26119 7854 13448 17673 29327 8634 601 14604 2597 5473 1428 13178 7138 16920
21069 30844 7977 1912 1261 32365 27096 22573 7948 10357 22389 4282 2250 31210 16212 27121
15220 9562 2206 28667 27235 31532 4532 27835 13367 7129 539 14794 20306 7677 31714
8606 5752 6922 10517 7013 6518 4844 29585 14466 15200 19206 18747 17449 17647
2190 11801 98 11751 14006 28764 6217 12769 528 1283 26136 7656 1822
8161 27961 9498 7106 3798 15249 14027 14314 22261 20545 19157 19078
2242 1589 5515 20988 19037 23161 23177 30838 23258 2159 12075
19253 8376 24844 19780 9658 18211 27435 11479 26371 22627
20976 709 26424 3457 14735 7969 25717 2511 27126
12026 4752 28714 17540 25739 14982 7932 16147
13051 31189 18306 25126 17674 26681 17201
4685 3570 2643 32120 15049 29013
21978 3256 29721 15634 6712
11688 23602 32429 14198
17959 11686 18950
13904 29226
11920

