7 3 2011
68 2 413
93 2 581
38 2 1185
82 2 1402
96 1 79
5 1 104
74 1 225
72 1 226
30 1 240
65 1 252
36 1 287
49 1 305
85 1 391
77 1 427
42 1 464
87 1 535
94 1 630
19 1 632
22 1 678
37 1 704
63 1 769
51 1 792
40 1 882
55 1 918
79 1 927
39 1 939
20 1 992
1 0 0
2 0 0
3 0 0
4 0 0
6 0 0
8 0 0
9 0 0
10 0 0
11 0 0
12 0 0
13 0 0
14 0 0
15 0 0
16 0 0
17 0 0
18 0 0
21 0 0
23 0 0
24 0 0
25 0 0
27 0 0
28 0 0
29 0 0
31 0 0
32 0 0
34 0 0
35 0 0
41 0 0
43 0 0
45 0 0
46 0 0
47 0 0
48 0 0
50 0 0
52 0 0
53 0 0
54 0 0
56 0 0
57 0 0
58 0 0
59 0 0
60 0 0
62 0 0
67 0 0
69 0 0
70 0 0
71 0 0
73 0 0
75 0 0
78 0 0
83 0 0
84 0 0
88 0 0
89 0 0
91 0 0
92 0 0
95 0 0
97 0 0
98 0 0
99 0 0
100 0 0
